slow marker
50
0, -0.65, 0, 1.8, 0, 0.42, 0, 0.319048, 3.36778e-18, 0.878589, -1.20861, 1.20861, -1.20958;
0.00755147, -0.65, -0.0100435, 1.8, 0.00110074, 0.42, -0.00708291, 0.31906, -0.00350052, 0.878571, -1.20863, 1.20863, -1.20957;
0.0151019, -0.649997, -0.0200854, 1.79987, 0.00220118, 0.420081, -0.0141644, 0.319072, -0.00700077, 0.878581, -1.20864, 1.20864, -1.20956;
0.0226509, -0.650017, -0.0301252, 1.79969, 0.00330134, 0.420198, -0.0212439, 0.319084, -0.0105009, 0.878591, -1.20866, 1.20866, -1.20955;
0.0301983, -0.65006, -0.0401622, 1.79945, 0.00440072, 0.420351, -0.0283208, 0.319096, -0.014001, 0.8786, -1.20868, 1.20868, -1.20954;
0.0377435, -0.650126, -0.0501956, 1.79916, 0.00549878, 0.42054, -0.0353942, 0.319109, -0.0175011, 0.87861, -1.20869, 1.20869, -1.20953;
0.045286, -0.650214, -0.0602243, 1.79881, 0.00659497, 0.420764, -0.042463, 0.319121, -0.0210013, 0.87862, -1.20871, 1.20871, -1.20952;
0.0528253, -0.650325, -0.0702474, 1.7984, 0.00768875, 0.421025, -0.0495264, 0.319133, -0.0245015, 0.878629, -1.20872, 1.20872, -1.20951;
0.060361, -0.650459, -0.0802639, 1.79794, 0.00877958, 0.421322, -0.0565832, 0.319145, -0.0280016, 0.878639, -1.20874, 1.20874, -1.2095;
0.0678924, -0.650615, -0.090273, 1.79743, 0.0098669, 0.421654, -0.0636327, 0.319157, -0.0315018, 0.878649, -1.20876, 1.20875, -1.20949;
0.075419, -0.650793, -0.100274, 1.79685, 0.0109502, 0.422023, -0.0706738, 0.319169, -0.0350021, 0.878658, -1.20877, 1.20877, -1.20948;
0.0829404, -0.650994, -0.110265, 1.79622, 0.0120289, 0.422427, -0.0777056, 0.319181, -0.0385023, 0.878668, -1.20879, 1.20878, -1.20947;
0.090456, -0.651217, -0.120246, 1.79554, 0.0131026, 0.422867, -0.0847271, 0.319193, -0.0420025, 0.878678, -1.20881, 1.2088, -1.20946;
0.0979655, -0.651462, -0.130215, 1.7948, 0.0141706, 0.423342, -0.0917375, 0.319205, -0.0455028, 0.878687, -1.20882, 1.20881, -1.20945;
0.105468, -0.65173, -0.140173, 1.794, 0.0152326, 0.423853, -0.0987357, 0.319217, -0.049003, 0.878697, -1.20884, 1.20883, -1.20944;
0.112964, -0.652019, -0.150117, 1.79315, 0.0162878, 0.4244, -0.105721, 0.319229, -0.0525033, 0.878706, -1.20885, 1.20884, -1.20943;
0.120452, -0.65233, -0.160047, 1.79224, 0.017336, 0.424982, -0.112692, 0.319241, -0.0560036, 0.878716, -1.20887, 1.20886, -1.20942;
0.127931, -0.652663, -0.169963, 1.79128, 0.0183765, 0.4256, -0.119649, 0.319253, -0.0595039, 0.878726, -1.20889, 1.20887, -1.20941;
0.135403, -0.653017, -0.179863, 1.79026, 0.0194089, 0.426253, -0.126589, 0.319265, -0.0630042, 0.878735, -1.2089, 1.20889, -1.2094;
0.142865, -0.653393, -0.189746, 1.78919, 0.0204326, 0.426941, -0.133513, 0.319277, -0.0665046, 0.878745, -1.20892, 1.2089, -1.20939;
0.150318, -0.65379, -0.199612, 1.78806, 0.0214473, 0.427664, -0.14042, 0.319289, -0.0700049, 0.878754, -1.20893, 1.20892, -1.20938;
0.157761, -0.654208, -0.20946, 1.78687, 0.0224524, 0.428423, -0.147308, 0.319301, -0.0735052, 0.878764, -1.20895, 1.20893, -1.20937;
0.165194, -0.654648, -0.219288, 1.78563, 0.0234475, 0.429217, -0.154177, 0.319313, -0.0770056, 0.878774, -1.20897, 1.20895, -1.20936;
0.172616, -0.655108, -0.229097, 1.78434, 0.0244321, 0.430045, -0.161027, 0.319325, -0.0805059, 0.878783, -1.20898, 1.20896, -1.20935;
0.180027, -0.655588, -0.238885, 1.78299, 0.0254059, 0.430909, -0.167855, 0.319336, -0.0840063, 0.878793, -1.209, 1.20898, -1.20934;
0.187427, -0.656089, -0.248651, 1.78158, 0.0263683, 0.431807, -0.174662, 0.319348, -0.0875067, 0.878802, -1.20902, 1.20899, -1.20933;
0.194815, -0.656611, -0.258396, 1.78012, 0.0273189, 0.43274, -0.181446, 0.31936, -0.091007, 0.878812, -1.20903, 1.20901, -1.20932;
0.202192, -0.657152, -0.268117, 1.7786, 0.0282573, 0.433707, -0.188208, 0.319372, -0.0945074, 0.878821, -1.20905, 1.20902, -1.20931;
0.209556, -0.657714, -0.277815, 1.77703, 0.0291832, 0.434709, -0.194945, 0.319384, -0.0980078, 0.878831, -1.20907, 1.20904, -1.2093;
0.216907, -0.658295, -0.287488, 1.7754, 0.030096, 0.435745, -0.201658, 0.319396, -0.101508, 0.87884, -1.20908, 1.20905, -1.20929;
0.224246, -0.658896, -0.297136, 1.77372, 0.0309955, 0.436815, -0.208345, 0.319407, -0.105009, 0.87885, -1.2091, 1.20907, -1.20928;
0.231571, -0.659516, -0.306758, 1.77199, 0.0318813, 0.437919, -0.215007, 0.319419, -0.108509, 0.878859, -1.20911, 1.20908, -1.20927;
0.238882, -0.660155, -0.316354, 1.77019, 0.032753, 0.439058, -0.221641, 0.319431, -0.112009, 0.878869, -1.20913, 1.20909, -1.20926;
0.246181, -0.660813, -0.325922, 1.76835, 0.0336102, 0.44023, -0.228248, 0.319442, -0.11551, 0.878878, -1.20915, 1.20911, -1.20925;
0.253465, -0.66149, -0.335463, 1.76645, 0.0344526, 0.441436, -0.234827, 0.319454, -0.11901, 0.878888, -1.20916, 1.20912, -1.20924;
0.260735, -0.662186, -0.344976, 1.76449, 0.0352798, 0.442676, -0.241378, 0.319466, -0.12251, 0.878897, -1.20918, 1.20914, -1.20923;
0.26799, -0.6629, -0.354459, 1.76248, 0.0360916, 0.443949, -0.247899, 0.319477, -0.126011, 0.878907, -1.2092, 1.20915, -1.20922;
0.275231, -0.663632, -0.363913, 1.76042, 0.0368877, 0.445256, -0.25439, 0.319489, -0.129511, 0.878916, -1.20921, 1.20917, -1.20921;
0.282458, -0.664382, -0.373337, 1.7583, 0.0376676, 0.446595, -0.26085, 0.319501, -0.133012, 0.878925, -1.20923, 1.20918, -1.2092;
0.289669, -0.665149, -0.38273, 1.75612, 0.0384312, 0.447968, -0.26728, 0.319512, -0.136512, 0.878935, -1.20925, 1.2092, -1.20919;
0.296865, -0.665934, -0.392092, 1.75389, 0.0391782, 0.449374, -0.273677, 0.319524, -0.140012, 0.878944, -1.20926, 1.20921, -1.20918;
0.304047, -0.666737, -0.401422, 1.75161, 0.0399082, 0.450813, -0.280043, 0.319535, -0.143513, 0.878954, -1.20928, 1.20922, -1.20918;
0.311213, -0.667556, -0.41072, 1.74927, 0.0406211, 0.452284, -0.286375, 0.319547, -0.147013, 0.878963, -1.20929, 1.20924, -1.20917;
0.318363, -0.668392, -0.419986, 1.74688, 0.0413165, 0.453788, -0.292675, 0.319558, -0.150513, 0.878972, -1.20931, 1.20925, -1.20916;
0.325499, -0.669245, -0.429218, 1.74443, 0.0419943, 0.455325, -0.298941, 0.31957, -0.154014, 0.878982, -1.20933, 1.20927, -1.20915;
0.332618, -0.670114, -0.438416, 1.74193, 0.0426542, 0.456893, -0.305172, 0.319581, -0.157514, 0.878991, -1.20934, 1.20928, -1.20914;
0.339723, -0.671, -0.447581, 1.73938, 0.043296, 0.458494, -0.311369, 0.319592, -0.161014, 0.879001, -1.20936, 1.2093, -1.20913;
0.346811, -0.671901, -0.456711, 1.73677, 0.0439194, 0.460127, -0.317531, 0.319604, -0.164515, 0.87901, -1.20938, 1.20931, -1.20912;
0.353884, -0.672819, -0.465806, 1.73411, 0.0445243, 0.461792, -0.323657, 0.319615, -0.168015, 0.879019, -1.20939, 1.20932, -1.20911;
0.360942, -0.673751, -0.474866, 1.73139, 0.0451105, 0.463489, -0.329748, 0.319626, -0.171515, 0.879029, -1.20941, 1.20934, -1.2091;
0.367984, -0.674699, -0.48389, 1.72862, 0.0456778, 0.465217, -0.335802, 0.319638, -0.175015, 0.879038, -1.20943, 1.20935, -1.20909;
0.37501, -0.675662, -0.492879, 1.7258, 0.0462261, 0.466977, -0.341819, 0.319649, -0.178516, 0.879047, -1.20944, 1.20937, -1.20908;
0.382021, -0.676641, -0.501831, 1.72292, 0.0467551, 0.468768, -0.3478, 0.31966, -0.182016, 0.879057, -1.20946, 1.20938, -1.20908;
0.389016, -0.677633, -0.510747, 1.71999, 0.0472647, 0.47059, -0.353743, 0.319671, -0.185516, 0.879066, -1.20948, 1.20939, -1.20907;
0.395996, -0.678641, -0.519625, 1.717, 0.0477548, 0.472444, -0.359649, 0.319682, -0.189016, 0.879075, -1.20949, 1.20941, -1.20906;
0.40296, -0.679662, -0.528467, 1.71397, 0.0482252, 0.474328, -0.365516, 0.319693, -0.192516, 0.879085, -1.20951, 1.20942, -1.20905;
0.409909, -0.680698, -0.537271, 1.71087, 0.0486759, 0.476243, -0.371345, 0.319704, -0.196016, 0.879094, -1.20952, 1.20944, -1.20904;
0.416843, -0.681747, -0.546037, 1.70773, 0.0491066, 0.478189, -0.377136, 0.319715, -0.199517, 0.879103, -1.20954, 1.20945, -1.20903;
0.423762, -0.682811, -0.554766, 1.70453, 0.0495172, 0.480165, -0.382888, 0.319727, -0.203017, 0.879113, -1.20956, 1.20946, -1.20902;
0.430666, -0.683887, -0.563456, 1.70127, 0.0499078, 0.482172, -0.388602, 0.319737, -0.206517, 0.879122, -1.20957, 1.20948, -1.20901;
0.437555, -0.684978, -0.572108, 1.69797, 0.0502781, 0.484209, -0.394275, 0.319748, -0.210017, 0.879131, -1.20959, 1.20949, -1.20901;
0.44443, -0.686081, -0.580722, 1.69461, 0.0506281, 0.486276, -0.39991, 0.319759, -0.213517, 0.87914, -1.20961, 1.20951, -1.209;
0.45129, -0.687197, -0.589296, 1.69119, 0.0509576, 0.488373, -0.405505, 0.31977, -0.217017, 0.87915, -1.20962, 1.20952, -1.20899;
0.458136, -0.688326, -0.597832, 1.68773, 0.0512667, 0.4905, -0.41106, 0.319781, -0.220517, 0.879159, -1.20964, 1.20954, -1.20898;
0.464967, -0.689467, -0.606329, 1.68421, 0.0515553, 0.492657, -0.416575, 0.319792, -0.224017, 0.879168, -1.20966, 1.20955, -1.20897;
0.471785, -0.690621, -0.614786, 1.68064, 0.0518232, 0.494844, -0.42205, 0.319803, -0.227517, 0.879178, -1.20967, 1.20956, -1.20896;
0.478588, -0.691788, -0.623204, 1.67701, 0.0520704, 0.49706, -0.427485, 0.319814, -0.231017, 0.879187, -1.20969, 1.20958, -1.20896;
0.485379, -0.692966, -0.631582, 1.67333, 0.0522969, 0.499305, -0.432879, 0.319824, -0.234517, 0.879196, -1.20971, 1.20959, -1.20895;
0.492155, -0.694156, -0.639921, 1.6696, 0.0525026, 0.50158, -0.438233, 0.319835, -0.238016, 0.879206, -1.20972, 1.20961, -1.20894;
0.498919, -0.695358, -0.64822, 1.66581, 0.0526875, 0.503884, -0.443547, 0.319846, -0.241516, 0.879215, -1.20974, 1.20962, -1.20893;
0.50567, -0.696572, -0.656479, 1.66197, 0.0528516, 0.506217, -0.448819, 0.319856, -0.245016, 0.879224, -1.20975, 1.20964, -1.20892;
0.512408, -0.697797, -0.664698, 1.65808, 0.0529948, 0.508579, -0.454051, 0.319867, -0.248516, 0.879234, -1.20977, 1.20965, -1.20892;
0.519134, -0.699033, -0.672878, 1.65413, 0.053117, 0.51097, -0.459243, 0.319877, -0.252016, 0.879243, -1.20979, 1.20966, -1.20891;
0.525848, -0.70028, -0.681017, 1.65013, 0.0532184, 0.513389, -0.464393, 0.319888, -0.255515, 0.879252, -1.2098, 1.20968, -1.2089;
0.53255, -0.701539, -0.689115, 1.64608, 0.0532987, 0.515838, -0.469503, 0.319899, -0.259015, 0.879262, -1.20982, 1.20969, -1.20889;
0.53924, -0.702808, -0.697174, 1.64197, 0.0533582, 0.518314, -0.474571, 0.319909, -0.262515, 0.879271, -1.20984, 1.20971, -1.20889;
0.545919, -0.704088, -0.705193, 1.63781, 0.0533966, 0.52082, -0.479599, 0.319919, -0.266015, 0.87928, -1.20985, 1.20972, -1.20888;
0.552587, -0.705379, -0.713171, 1.6336, 0.0534141, 0.523353, -0.484586, 0.31993, -0.269514, 0.87929, -1.20987, 1.20974, -1.20887;
0.559244, -0.70668, -0.721108, 1.62933, 0.0534106, 0.525916, -0.489532, 0.31994, -0.273014, 0.879299, -1.20989, 1.20975, -1.20886;
0.565891, -0.707992, -0.729006, 1.62502, 0.0533862, 0.528506, -0.494437, 0.319951, -0.276513, 0.879309, -1.2099, 1.20977, -1.20886;
0.572528, -0.709314, -0.736863, 1.62064, 0.0533407, 0.531124, -0.499302, 0.319961, -0.280013, 0.879318, -1.20992, 1.20978, -1.20885;
0.579155, -0.710646, -0.74468, 1.61622, 0.0532744, 0.533771, -0.504125, 0.319971, -0.283513, 0.879327, -1.20994, 1.20979, -1.20884;
0.585772, -0.711988, -0.752456, 1.61174, 0.0531871, 0.536445, -0.508908, 0.319982, -0.287012, 0.879337, -1.20995, 1.20981, -1.20883;
0.59238, -0.71334, -0.760192, 1.6072, 0.0530789, 0.539148, -0.51365, 0.319992, -0.290512, 0.879346, -1.20997, 1.20982, -1.20883;
0.59898, -0.714702, -0.767887, 1.60262, 0.0529497, 0.541878, -0.518352, 0.320002, -0.294011, 0.879356, -1.20999, 1.20984, -1.20882;
0.605571, -0.716074, -0.775543, 1.59798, 0.0527997, 0.544636, -0.523013, 0.320012, -0.29751, 0.879365, -1.21, 1.20985, -1.20881;
0.612153, -0.717455, -0.783157, 1.59328, 0.0526289, 0.547422, -0.527634, 0.320022, -0.30101, 0.879375, -1.21002, 1.20987, -1.2088;
0.618729, -0.718846, -0.790732, 1.58853, 0.0524372, 0.550236, -0.532214, 0.320032, -0.304509, 0.879384, -1.21003, 1.20988, -1.2088;
0.625296, -0.720246, -0.798266, 1.58373, 0.0522247, 0.553077, -0.536754, 0.320043, -0.308009, 0.879394, -1.21005, 1.2099, -1.20879;
0.631857, -0.721656, -0.80576, 1.57887, 0.0519914, 0.555946, -0.541255, 0.320053, -0.311508, 0.879403, -1.21007, 1.20991, -1.20878;
0.63841, -0.723075, -0.813214, 1.57396, 0.0517375, 0.558843, -0.545715, 0.320063, -0.315007, 0.879413, -1.21008, 1.20993, -1.20878;
0.644958, -0.724503, -0.820627, 1.569, 0.0514628, 0.561767, -0.550135, 0.320073, -0.318506, 0.879422, -1.2101, 1.20994, -1.20877;
0.651499, -0.725941, -0.828001, 1.56398, 0.0511675, 0.564719, -0.554516, 0.320083, -0.322006, 0.879432, -1.21012, 1.20996, -1.20876;
0.658035, -0.727387, -0.835334, 1.5589, 0.0508515, 0.567699, -0.558857, 0.320093, -0.325505, 0.879441, -1.21013, 1.20997, -1.20875;
0.664565, -0.728843, -0.842627, 1.55377, 0.050515, 0.570706, -0.563159, 0.320102, -0.329004, 0.879451, -1.21015, 1.20999, -1.20875;
0.671091, -0.730307, -0.849881, 1.54859, 0.0501579, 0.573741, -0.567421, 0.320112, -0.332503, 0.87946, -1.21017, 1.21001, -1.20874;
0.677612, -0.73178, -0.857094, 1.54335, 0.0497804, 0.576803, -0.571645, 0.320122, -0.336002, 0.87947, -1.21018, 1.21002, -1.20873;
0.684129, -0.733262, -0.864268, 1.53806, 0.0493824, 0.579892, -0.57583, 0.320132, -0.339501, 0.87948, -1.2102, 1.21004, -1.20873;
0.690642, -0.734753, -0.871401, 1.53271, 0.048964, 0.58301, -0.579976, 0.320142, -0.343, 0.879489, -1.21022, 1.21005, -1.20872;
0.697152, -0.736253, -0.878495, 1.5273, 0.0485252, 0.586155, -0.584084, 0.320152, -0.3465, 0.879499, -1.21023, 1.21007, -1.20871;
0.703659, -0.737761, -0.885549, 1.52184, 0.0480662, 0.589327, -0.588153, 0.320161, -0.349999, 0.879509, -1.21025, 1.21008, -1.20871;
0.703652, -0.737722, -0.885531, 1.52179, 0.0480731, 0.589359, -0.588123, 0.320161, -0.349989, 0.879536, -1.21025, 1.21008, -1.20871;
0.703652, -0.737722, -0.885531, 1.52179, 0.0480731, 0.589359, -0.588123, 0.320161, -0.349989, 0.879536, -1.21025, 1.21008, -1.20871;
0.703652, -0.737722, -0.885531, 1.52179, 0.0480731, 0.589359, -0.588123, 0.320161, -0.349989, 0.879536, -1.21025, 1.21008, -1.20871;
0.703652, -0.737722, -0.885531, 1.52179, 0.0480731, 0.589359, -0.588123, 0.320161, -0.349989, 0.879536, -1.21025, 1.21008, -1.20871;
0.703652, -0.737722, -0.885531, 1.52179, 0.0480731, 0.589359, -0.588123, 0.320161, -0.349989, 0.879536, -1.21025, 1.21008, -1.20871;
0.703652, -0.737722, -0.885531, 1.52179, 0.0480731, 0.589359, -0.588123, 0.320161, -0.349989, 0.879536, -1.21025, 1.21008, -1.20871;
0.703652, -0.737722, -0.885531, 1.52179, 0.0480731, 0.589359, -0.588123, 0.320161, -0.349989, 0.879536, -1.21025, 1.21008, -1.20871;
0.703652, -0.737722, -0.885531, 1.52179, 0.0480731, 0.589359, -0.588123, 0.320161, -0.349989, 0.879536, -1.21025, 1.21008, -1.20871;
0.703652, -0.737722, -0.885531, 1.52179, 0.0480731, 0.589359, -0.588123, 0.320161, -0.349989, 0.879536, -1.21025, 1.21008, -1.20871;
0.703652, -0.737722, -0.885531, 1.52179, 0.0480731, 0.589359, -0.588123, 0.320161, -0.349989, 0.879536, -1.21025, 1.21008, -1.20871;
0.703652, -0.737722, -0.885531, 1.52179, 0.0480731, 0.589359, -0.588123, 0.320161, -0.349989, 0.879536, -1.21025, 1.21008, -1.20871;
0.703652, -0.737722, -0.885531, 1.52179, 0.0480731, 0.589359, -0.588123, 0.320161, -0.349989, 0.879536, -1.21025, 1.21008, -1.20871;
0.703652, -0.737722, -0.885531, 1.52179, 0.0480731, 0.589359, -0.588123, 0.320161, -0.349989, 0.879536, -1.21025, 1.21008, -1.20871;
0.703652, -0.737722, -0.885531, 1.52179, 0.0480731, 0.589359, -0.588123, 0.320161, -0.349989, 0.879536, -1.21025, 1.21008, -1.20871;
0.703652, -0.737722, -0.885531, 1.52179, 0.0480731, 0.589359, -0.588123, 0.320161, -0.349989, 0.879536, -1.21025, 1.21008, -1.20871;
0.703652, -0.737722, -0.885531, 1.52179, 0.0480731, 0.589359, -0.588123, 0.320161, -0.349989, 0.879536, -1.21025, 1.21008, -1.20871;
0.703652, -0.737722, -0.885531, 1.52179, 0.0480731, 0.589359, -0.588123, 0.320161, -0.349989, 0.879536, -1.21025, 1.21008, -1.20871;
0.703652, -0.737722, -0.885531, 1.52179, 0.0480731, 0.589359, -0.588123, 0.320161, -0.349989, 0.879536, -1.21025, 1.21008, -1.20871;
0.703652, -0.737722, -0.885531, 1.52179, 0.0480731, 0.589359, -0.588123, 0.320161, -0.349989, 0.879536, -1.21025, 1.21008, -1.20871;
0.703652, -0.737722, -0.885531, 1.52179, 0.0480731, 0.589359, -0.588123, 0.320161, -0.349989, 0.879536, -1.21025, 1.21008, -1.20871;
0.703652, -0.737722, -0.885531, 1.52179, 0.0480731, 0.589359, -0.588123, 0.320161, -0.349989, 0.879536, -1.21025, 1.21008, -1.20871;
0.703652, -0.737722, -0.885531, 1.52179, 0.0480731, 0.589359, -0.588123, 0.320161, -0.349989, 0.879536, -1.21025, 1.21008, -1.20871;
0.703652, -0.737722, -0.885531, 1.52179, 0.0480731, 0.589359, -0.588123, 0.320161, -0.349989, 0.879536, -1.21025, 1.21008, -1.20871;
0.703652, -0.737722, -0.885531, 1.52179, 0.0480731, 0.589359, -0.588123, 0.320161, -0.349989, 0.879536, -1.21025, 1.21008, -1.20871;
0.703652, -0.737722, -0.885531, 1.52179, 0.0480731, 0.589359, -0.588123, 0.320161, -0.349989, 0.879536, -1.21025, 1.21008, -1.20871;
0.703652, -0.737722, -0.885531, 1.52179, 0.0480731, 0.589359, -0.588123, 0.320161, -0.349989, 0.879536, -1.21025, 1.21008, -1.20871;
0.703652, -0.737722, -0.885531, 1.52179, 0.0480731, 0.589359, -0.588123, 0.320161, -0.349989, 0.879536, -1.21025, 1.21008, -1.20871;
0.703652, -0.737722, -0.885531, 1.52179, 0.0480731, 0.589359, -0.588123, 0.320161, -0.349989, 0.879536, -1.21025, 1.21008, -1.20871;
0.703652, -0.737722, -0.885531, 1.52179, 0.0480731, 0.589359, -0.588123, 0.320161, -0.349989, 0.879536, -1.21025, 1.21008, -1.20871;
0.703652, -0.737722, -0.885531, 1.52179, 0.0480731, 0.589359, -0.588123, 0.320161, -0.349989, 0.879536, -1.21025, 1.21008, -1.20871;
0.703652, -0.737722, -0.885531, 1.52179, 0.0480731, 0.589359, -0.588123, 0.320161, -0.349989, 0.879536, -1.21025, 1.21008, -1.20871;
0.703652, -0.737722, -0.885531, 1.52179, 0.0480731, 0.589359, -0.588123, 0.320161, -0.349989, 0.879536, -1.21025, 1.21008, -1.20871;
0.703652, -0.737722, -0.885531, 1.52179, 0.0480731, 0.589359, -0.588123, 0.320161, -0.349989, 0.879536, -1.21025, 1.21008, -1.20871;
0.703652, -0.737722, -0.885531, 1.52179, 0.0480731, 0.589359, -0.588123, 0.320161, -0.349989, 0.879536, -1.21025, 1.21008, -1.20871;
0.703652, -0.737722, -0.885531, 1.52179, 0.0480731, 0.589359, -0.588123, 0.320161, -0.349989, 0.879536, -1.21025, 1.21008, -1.20871;
0.703652, -0.737722, -0.885531, 1.52179, 0.0480731, 0.589359, -0.588123, 0.320161, -0.349989, 0.879536, -1.21025, 1.21008, -1.20871;
0.703652, -0.737722, -0.885531, 1.52179, 0.0480731, 0.589359, -0.588123, 0.320161, -0.349989, 0.879536, -1.21025, 1.21008, -1.20871;
0.703652, -0.737722, -0.885531, 1.52179, 0.0480731, 0.589359, -0.588123, 0.320161, -0.349989, 0.879536, -1.21025, 1.21008, -1.20871;
0.703652, -0.737722, -0.885531, 1.52179, 0.0480731, 0.589359, -0.588123, 0.320161, -0.349989, 0.879536, -1.21025, 1.21008, -1.20871;
0.703652, -0.737722, -0.885531, 1.52179, 0.0480731, 0.589359, -0.588123, 0.320161, -0.349989, 0.879536, -1.21025, 1.21008, -1.20871;
0.703652, -0.737722, -0.885531, 1.52179, 0.0480731, 0.589359, -0.588123, 0.320161, -0.349989, 0.879536, -1.21025, 1.21008, -1.20871;
0.703652, -0.737722, -0.885531, 1.52179, 0.0480731, 0.589359, -0.588123, 0.320161, -0.349989, 0.879536, -1.21025, 1.21008, -1.20871;
0.703652, -0.737722, -0.885531, 1.52179, 0.0480731, 0.589359, -0.588123, 0.320161, -0.349989, 0.879536, -1.21025, 1.21008, -1.20871;
0.703652, -0.737722, -0.885531, 1.52179, 0.0480731, 0.589359, -0.588123, 0.320161, -0.349989, 0.879536, -1.21025, 1.21008, -1.20871;
0.703652, -0.737722, -0.885531, 1.52179, 0.0480731, 0.589359, -0.588123, 0.320161, -0.349989, 0.879536, -1.21025, 1.21008, -1.20871;
0.703652, -0.737722, -0.885531, 1.52179, 0.0480731, 0.589359, -0.588123, 0.320161, -0.349989, 0.879536, -1.21025, 1.21008, -1.20871;
0.703652, -0.737722, -0.885531, 1.52179, 0.0480731, 0.589359, -0.588123, 0.320161, -0.349989, 0.879536, -1.21025, 1.21008, -1.20871;
0.703652, -0.737722, -0.885531, 1.52179, 0.0480731, 0.589359, -0.588123, 0.320161, -0.349989, 0.879536, -1.21025, 1.21008, -1.20871;
0.703652, -0.737722, -0.885531, 1.52179, 0.0480731, 0.589359, -0.588123, 0.320161, -0.349989, 0.879536, -1.21025, 1.21008, -1.20871;
0.703652, -0.737722, -0.885531, 1.52179, 0.0480731, 0.589359, -0.588123, 0.320161, -0.349989, 0.879536, -1.21025, 1.21008, -1.20871;
0.703652, -0.737722, -0.885531, 1.52179, 0.0480731, 0.589359, -0.588123, 0.320161, -0.349989, 0.879536, -1.21025, 1.21008, -1.20871;
0.703652, -0.737722, -0.885531, 1.52179, 0.0480731, 0.589359, -0.588123, 0.320161, -0.349989, 0.879536, -1.21025, 1.21008, -1.20871;
0.703652, -0.737722, -0.885531, 1.52179, 0.0480731, 0.589359, -0.588123, 0.320161, -0.349989, 0.879536, -1.21025, 1.21008, -1.20871;
0.703652, -0.737722, -0.885531, 1.52179, 0.0480731, 0.589359, -0.588123, 0.320161, -0.349989, 0.879536, -1.21025, 1.21008, -1.20871;
0.703652, -0.737722, -0.885531, 1.52179, 0.0480731, 0.589359, -0.588123, 0.320161, -0.349989, 0.879536, -1.21025, 1.21008, -1.20871;
0.703652, -0.737722, -0.885531, 1.52179, 0.0480731, 0.589359, -0.588123, 0.320161, -0.349989, 0.879536, -1.21025, 1.21008, -1.20871;
0.703652, -0.737722, -0.885531, 1.52179, 0.0480731, 0.589359, -0.588123, 0.320161, -0.349989, 0.879536, -1.21025, 1.21008, -1.20871;
0.703652, -0.737722, -0.885531, 1.52179, 0.0480731, 0.589359, -0.588123, 0.320161, -0.349989, 0.879536, -1.21025, 1.21008, -1.20871;
0.703652, -0.737722, -0.885531, 1.52179, 0.0480731, 0.589359, -0.588123, 0.320161, -0.349989, 0.879536, -1.21025, 1.21008, -1.20871;
0.703652, -0.737722, -0.885531, 1.52179, 0.0480731, 0.589359, -0.588123, 0.320161, -0.349989, 0.879536, -1.21025, 1.21008, -1.20871;
0.703652, -0.737722, -0.885531, 1.52179, 0.0480731, 0.589359, -0.588123, 0.320161, -0.349989, 0.879536, -1.21025, 1.21008, -1.20871;
0.703652, -0.737722, -0.885531, 1.52179, 0.0480731, 0.589359, -0.588123, 0.320161, -0.349989, 0.879536, -1.21025, 1.21008, -1.20871;
0.703652, -0.737722, -0.885531, 1.52179, 0.0480731, 0.589359, -0.588123, 0.320161, -0.349989, 0.879536, -1.21025, 1.21008, -1.20871;
0.703652, -0.737722, -0.885531, 1.52179, 0.0480731, 0.589359, -0.588123, 0.320161, -0.349989, 0.879536, -1.21025, 1.21008, -1.20871;
0.703652, -0.737722, -0.885531, 1.52179, 0.0480731, 0.589359, -0.588123, 0.320161, -0.349989, 0.879536, -1.21025, 1.21008, -1.20871;
0.703652, -0.737722, -0.885531, 1.52179, 0.0480731, 0.589359, -0.588123, 0.320161, -0.349989, 0.879536, -1.21025, 1.21008, -1.20871;
0.703652, -0.737722, -0.885531, 1.52179, 0.0480731, 0.589359, -0.588123, 0.320161, -0.349989, 0.879536, -1.21025, 1.21008, -1.20871;
0.703652, -0.737722, -0.885531, 1.52179, 0.0480731, 0.589359, -0.588123, 0.320161, -0.349989, 0.879536, -1.21025, 1.21008, -1.20871;
0.703652, -0.737722, -0.885531, 1.52179, 0.0480731, 0.589359, -0.588123, 0.320161, -0.349989, 0.879536, -1.21025, 1.21008, -1.20871;
0.703652, -0.737722, -0.885531, 1.52179, 0.0480731, 0.589359, -0.588123, 0.320161, -0.349989, 0.879536, -1.21025, 1.21008, -1.20871;
0.703652, -0.737722, -0.885531, 1.52179, 0.0480731, 0.589359, -0.588123, 0.320161, -0.349989, 0.879536, -1.21025, 1.21008, -1.20871;
0.703652, -0.737722, -0.885531, 1.52179, 0.0480731, 0.589359, -0.588123, 0.320161, -0.349989, 0.879536, -1.21025, 1.21008, -1.20871;
0.703652, -0.737722, -0.885531, 1.52179, 0.0480731, 0.589359, -0.588123, 0.320161, -0.349989, 0.879536, -1.21025, 1.21008, -1.20871;
0.703652, -0.737722, -0.885531, 1.52179, 0.0480731, 0.589359, -0.588123, 0.320161, -0.349989, 0.879536, -1.21025, 1.21008, -1.20871;
0.703652, -0.737722, -0.885531, 1.52179, 0.0480731, 0.589359, -0.588123, 0.320161, -0.349989, 0.879536, -1.21025, 1.21008, -1.20871;
0.703652, -0.737722, -0.885531, 1.52179, 0.0480731, 0.589359, -0.588123, 0.320161, -0.349989, 0.879536, -1.21025, 1.21008, -1.20871;
0.703652, -0.737722, -0.885531, 1.52179, 0.0480731, 0.589359, -0.588123, 0.320161, -0.349989, 0.879536, -1.21025, 1.21008, -1.20871;
0.703652, -0.737722, -0.885531, 1.52179, 0.0480731, 0.589359, -0.588123, 0.320161, -0.349989, 0.879536, -1.21025, 1.21008, -1.20871;
0.703652, -0.737722, -0.885531, 1.52179, 0.0480731, 0.589359, -0.588123, 0.320161, -0.349989, 0.879536, -1.21025, 1.21008, -1.20871;
0.703652, -0.737722, -0.885531, 1.52179, 0.0480731, 0.589359, -0.588123, 0.320161, -0.349989, 0.879536, -1.21025, 1.21008, -1.20871;
0.703652, -0.737722, -0.885531, 1.52179, 0.0480731, 0.589359, -0.588123, 0.320161, -0.349989, 0.879536, -1.21025, 1.21008, -1.20871;
0.703652, -0.737722, -0.885531, 1.52179, 0.0480731, 0.589359, -0.588123, 0.320161, -0.349989, 0.879536, -1.21025, 1.21008, -1.20871;
0.703652, -0.737722, -0.885531, 1.52179, 0.0480731, 0.589359, -0.588123, 0.320161, -0.349989, 0.879536, -1.21025, 1.21008, -1.20871;
0.703652, -0.737722, -0.885531, 1.52179, 0.0480731, 0.589359, -0.588123, 0.320161, -0.349989, 0.879536, -1.21025, 1.21008, -1.20871;
0.703652, -0.737722, -0.885531, 1.52179, 0.0480731, 0.589359, -0.588123, 0.320161, -0.349989, 0.879536, -1.21025, 1.21008, -1.20871;
0.703652, -0.737722, -0.885531, 1.52179, 0.0480731, 0.589359, -0.588123, 0.320161, -0.349989, 0.879536, -1.21025, 1.21008, -1.20871;
0.703652, -0.737722, -0.885531, 1.52179, 0.0480731, 0.589359, -0.588123, 0.320161, -0.349989, 0.879536, -1.21025, 1.21008, -1.20871;
0.703652, -0.737722, -0.885531, 1.52179, 0.0480731, 0.589359, -0.588123, 0.320161, -0.349989, 0.879536, -1.21025, 1.21008, -1.20871;
0.703652, -0.737722, -0.885531, 1.52179, 0.0480731, 0.589359, -0.588123, 0.320161, -0.349989, 0.879536, -1.21025, 1.21008, -1.20871;
0.703652, -0.737722, -0.885531, 1.52179, 0.0480731, 0.589359, -0.588123, 0.320161, -0.349989, 0.879536, -1.21025, 1.21008, -1.20871;
0.703652, -0.737722, -0.885531, 1.52179, 0.0480731, 0.589359, -0.588123, 0.320161, -0.349989, 0.879536, -1.21025, 1.21008, -1.20871;
0.703652, -0.737722, -0.885531, 1.52179, 0.0480731, 0.589359, -0.588123, 0.320161, -0.349989, 0.879536, -1.21025, 1.21008, -1.20871;
0.703652, -0.737722, -0.885531, 1.52179, 0.0480731, 0.589359, -0.588123, 0.320161, -0.349989, 0.879536, -1.21025, 1.21008, -1.20871;
0.703652, -0.737722, -0.885531, 1.52179, 0.0480731, 0.589359, -0.588123, 0.320161, -0.349989, 0.879536, -1.21025, 1.21008, -1.20871;
0.703652, -0.737722, -0.885531, 1.52179, 0.0480731, 0.589359, -0.588123, 0.320161, -0.349989, 0.879536, -1.21025, 1.21008, -1.20871;
0.703652, -0.737722, -0.885531, 1.52179, 0.0480731, 0.589359, -0.588123, 0.320161, -0.349989, 0.879536, -1.21025, 1.21008, -1.20871;
0.703652, -0.737722, -0.885531, 1.52179, 0.0480731, 0.589359, -0.588123, 0.320161, -0.349989, 0.879536, -1.21025, 1.21008, -1.20871;
0.703652, -0.737722, -0.885531, 1.52179, 0.0480731, 0.589359, -0.588123, 0.320161, -0.349989, 0.879536, -1.21025, 1.21008, -1.20871;
0.703652, -0.737722, -0.885531, 1.52179, 0.0480731, 0.589359, -0.588123, 0.320161, -0.349989, 0.879536, -1.21025, 1.21008, -1.20871;
0.703652, -0.737722, -0.885531, 1.52179, 0.0480731, 0.589359, -0.588123, 0.320161, -0.349989, 0.879536, -1.21025, 1.21008, -1.20871;
0.697788, -0.734254, -0.878553, 1.52348, 0.0488636, 0.588389, -0.583004, 0.32018, -0.346479, 0.881018, -1.21027, 1.2101, -1.20869;
0.691936, -0.730772, -0.871551, 1.52501, 0.0496262, 0.587511, -0.577848, 0.320198, -0.342983, 0.882529, -1.21028, 1.21012, -1.20866;
0.686062, -0.727308, -0.864497, 1.52648, 0.050356, 0.58667, -0.572661, 0.320216, -0.339486, 0.88404, -1.2103, 1.21013, -1.20864;
0.680165, -0.723861, -0.857393, 1.52789, 0.0510522, 0.585865, -0.567443, 0.320235, -0.335989, 0.885551, -1.21032, 1.21015, -1.20862;
0.674245, -0.720433, -0.850238, 1.52922, 0.0517139, 0.585098, -0.562192, 0.320253, -0.332493, 0.887062, -1.21033, 1.21017, -1.2086;
0.668303, -0.717023, -0.843032, 1.5305, 0.0523404, 0.584367, -0.55691, 0.320272, -0.328996, 0.888573, -1.21035, 1.21018, -1.20858;
0.662339, -0.713632, -0.835777, 1.53171, 0.0529308, 0.583673, -0.551594, 0.32029, -0.3255, 0.890084, -1.21037, 1.2102, -1.20856;
0.656354, -0.71026, -0.828473, 1.53285, 0.0534845, 0.583016, -0.546246, 0.320309, -0.322004, 0.891595, -1.21038, 1.21022, -1.20853;
0.650347, -0.706907, -0.821119, 1.53394, 0.0540006, 0.582396, -0.540865, 0.320327, -0.318507, 0.893106, -1.2104, 1.21023, -1.20851;
0.644319, -0.703575, -0.813717, 1.53495, 0.0544784, 0.581812, -0.535451, 0.320346, -0.315011, 0.894616, -1.21041, 1.21025, -1.20849;
0.638271, -0.700262, -0.806267, 1.5359, 0.0549172, 0.581265, -0.530003, 0.320364, -0.311515, 0.896127, -1.21043, 1.21026, -1.20847;
0.632203, -0.69697, -0.798769, 1.53679, 0.0553161, 0.580755, -0.524522, 0.320383, -0.308018, 0.897638, -1.21045, 1.21028, -1.20845;
0.626115, -0.693699, -0.791224, 1.53762, 0.0556744, 0.580282, -0.519007, 0.320401, -0.304522, 0.899149, -1.21046, 1.2103, -1.20842;
0.620008, -0.690448, -0.783632, 1.53837, 0.0559915, 0.579845, -0.513458, 0.32042, -0.301026, 0.900659, -1.21048, 1.21031, -1.2084;
0.613882, -0.687219, -0.775995, 1.53907, 0.0562666, 0.579446, -0.507874, 0.320438, -0.297529, 0.90217, -1.21049, 1.21033, -1.20838;
0.607738, -0.68401, -0.768312, 1.5397, 0.0564991, 0.579082, -0.502256, 0.320456, -0.294033, 0.90368, -1.21051, 1.21034, -1.20836;
0.601577, -0.680824, -0.760584, 1.54026, 0.0566883, 0.578756, -0.496604, 0.320475, -0.290537, 0.905191, -1.21053, 1.21036, -1.20834;
0.595399, -0.677659, -0.752813, 1.54076, 0.0568335, 0.578466, -0.490917, 0.320493, -0.287041, 0.906701, -1.21054, 1.21038, -1.20831;
0.589204, -0.674516, -0.744998, 1.5412, 0.0569341, 0.578213, -0.485196, 0.320511, -0.283545, 0.908212, -1.21056, 1.21039, -1.20829;
0.582994, -0.671395, -0.73714, 1.54157, 0.0569895, 0.577996, -0.47944, 0.32053, -0.280048, 0.909722, -1.21057, 1.21041, -1.20827;
0.576768, -0.668296, -0.72924, 1.54188, 0.0569991, 0.577816, -0.473649, 0.320548, -0.276552, 0.911232, -1.21059, 1.21042, -1.20825;
0.570528, -0.665219, -0.721299, 1.54213, 0.0569622, 0.577673, -0.467823, 0.320566, -0.273056, 0.912743, -1.2106, 1.21044, -1.20823;
0.564275, -0.662164, -0.713317, 1.5423, 0.0568784, 0.577566, -0.461962, 0.320584, -0.26956, 0.914253, -1.21062, 1.21045, -1.2082;
0.558008, -0.659132, -0.705296, 1.54242, 0.0567471, 0.577496, -0.456067, 0.320602, -0.266064, 0.915763, -1.21063, 1.21047, -1.20818;
0.55173, -0.656123, -0.697235, 1.54247, 0.0565679, 0.577462, -0.450137, 0.32062, -0.262568, 0.917273, -1.21064, 1.21048, -1.20816;
0.545439, -0.653135, -0.689137, 1.54246, 0.0563401, 0.577465, -0.444172, 0.320638, -0.259071, 0.918783, -1.21066, 1.2105, -1.20814;
0.539138, -0.65017, -0.681001, 1.54238, 0.0560634, 0.577504, -0.438173, 0.320656, -0.255575, 0.920293, -1.21067, 1.21052, -1.20812;
0.532827, -0.647228, -0.672828, 1.54224, 0.0557373, 0.57758, -0.432139, 0.320674, -0.252079, 0.921803, -1.21069, 1.21053, -1.20809;
0.526507, -0.644307, -0.66462, 1.54203, 0.0553614, 0.577693, -0.426071, 0.320691, -0.248583, 0.923313, -1.2107, 1.21055, -1.20807;
0.520178, -0.641409, -0.656377, 1.54176, 0.0549353, 0.577842, -0.419968, 0.320709, -0.245087, 0.924823, -1.21071, 1.21056, -1.20805;
0.513842, -0.638533, -0.6481, 1.54143, 0.0544587, 0.578027, -0.413832, 0.320726, -0.241591, 0.926332, -1.21073, 1.21058, -1.20803;
0.507499, -0.635679, -0.63979, 1.54103, 0.0539311, 0.578249, -0.407661, 0.320744, -0.238094, 0.927842, -1.21074, 1.21059, -1.20801;
0.501149, -0.632847, -0.631448, 1.54057, 0.0533524, 0.578508, -0.401457, 0.320761, -0.234598, 0.929351, -1.21075, 1.21061, -1.20798;
0.494795, -0.630037, -0.623075, 1.54004, 0.0527221, 0.578803, -0.39522, 0.320778, -0.231102, 0.930861, -1.21077, 1.21062, -1.20796;
0.488436, -0.627249, -0.614671, 1.53945, 0.0520401, 0.579135, -0.38895, 0.320796, -0.227606, 0.93237, -1.21078, 1.21064, -1.20794;
0.482074, -0.624481, -0.606238, 1.5388, 0.0513061, 0.579503, -0.382646, 0.320813, -0.224109, 0.933879, -1.21079, 1.21065, -1.20792;
0.475709, -0.621735, -0.597777, 1.53808, 0.0505199, 0.579908, -0.376311, 0.32083, -0.220613, 0.935389, -1.2108, 1.21066, -1.2079;
0.469342, -0.61901, -0.589288, 1.5373, 0.0496813, 0.580349, -0.369943, 0.320846, -0.217117, 0.936898, -1.21081, 1.21068, -1.20788;
0.462975, -0.616305, -0.580772, 1.53645, 0.0487902, 0.580827, -0.363543, 0.320863, -0.213621, 0.938407, -1.21083, 1.21069, -1.20785;
0.456607, -0.613621, -0.572231, 1.53554, 0.0478465, 0.581342, -0.357113, 0.32088, -0.210124, 0.939916, -1.21084, 1.21071, -1.20783;
0.45024, -0.610956, -0.563664, 1.53456, 0.0468499, 0.581893, -0.350651, 0.320896, -0.206628, 0.941424, -1.21085, 1.21072, -1.20781;
0.443875, -0.608312, -0.555074, 1.53352, 0.0458005, 0.582481, -0.344158, 0.320912, -0.203132, 0.942933, -1.21086, 1.21074, -1.20779;
0.437512, -0.605686, -0.546462, 1.53242, 0.0446982, 0.583106, -0.337636, 0.320928, -0.199635, 0.944442, -1.21087, 1.21075, -1.20777;
0.431152, -0.60308, -0.537827, 1.53125, 0.0435429, 0.583768, -0.331084, 0.320944, -0.196139, 0.94595, -1.21088, 1.21077, -1.20775;
0.424796, -0.600492, -0.529171, 1.53002, 0.0423347, 0.584466, -0.324503, 0.32096, -0.192642, 0.947459, -1.21089, 1.21078, -1.20773;
0.418445, -0.597922, -0.520495, 1.52873, 0.0410735, 0.585201, -0.317893, 0.320976, -0.189146, 0.948967, -1.2109, 1.21079, -1.2077;
0.4121, -0.595371, -0.511799, 1.52737, 0.0397593, 0.585972, -0.311256, 0.320992, -0.185649, 0.950475, -1.21091, 1.21081, -1.20768;
0.405761, -0.592836, -0.503085, 1.52595, 0.0383924, 0.586781, -0.304591, 0.321007, -0.182153, 0.951983, -1.21092, 1.21082, -1.20766;
0.399429, -0.590318, -0.494354, 1.52446, 0.0369726, 0.587627, -0.297899, 0.321023, -0.178656, 0.953491, -1.21093, 1.21084, -1.20764;
0.393105, -0.587817, -0.485606, 1.52291, 0.0355001, 0.588509, -0.29118, 0.321038, -0.17516, 0.954999, -1.21093, 1.21085, -1.20762;
0.38679, -0.585331, -0.476842, 1.52129, 0.033975, 0.589429, -0.284436, 0.321053, -0.171663, 0.956507, -1.21094, 1.21086, -1.2076;
0.380485, -0.582861, -0.468063, 1.51961, 0.0323975, 0.590386, -0.277667, 0.321068, -0.168167, 0.958015, -1.21095, 1.21088, -1.20758;
0.37419, -0.580405, -0.45927, 1.51787, 0.0307676, 0.591379, -0.270874, 0.321082, -0.16467, 0.959522, -1.21096, 1.21089, -1.20756;
0.367905, -0.577964, -0.450463, 1.51606, 0.0290855, 0.59241, -0.264057, 0.321097, -0.161173, 0.96103, -1.21096, 1.2109, -1.20754;
0.361633, -0.575537, -0.441644, 1.51419, 0.0273514, 0.593478, -0.257216, 0.321111, -0.157677, 0.962537, -1.21097, 1.21092, -1.20752;
0.355372, -0.573123, -0.432812, 1.51225, 0.0255655, 0.594584, -0.250353, 0.321126, -0.15418, 0.964045, -1.21098, 1.21093, -1.2075;
0.349125, -0.570721, -0.42397, 1.51025, 0.0237279, 0.595727, -0.243469, 0.32114, -0.150683, 0.965552, -1.21098, 1.21095, -1.20748;
0.342891, -0.568331, -0.415117, 1.50819, 0.0218389, 0.596907, -0.236563, 0.321154, -0.147186, 0.967059, -1.21099, 1.21096, -1.20746;
0.336671, -0.565953, -0.406254, 1.50606, 0.0198987, 0.598125, -0.229637, 0.321168, -0.143689, 0.968565, -1.21099, 1.21097, -1.20744;
0.330466, -0.563585, -0.397382, 1.50386, 0.0179075, 0.59938, -0.222692, 0.321181, -0.140192, 0.970072, -1.211, 1.21099, -1.20742;
0.324276, -0.561227, -0.388501, 1.50161, 0.0158655, 0.600673, -0.215727, 0.321195, -0.136696, 0.971579, -1.211, 1.211, -1.2074;
0.318103, -0.558879, -0.379613, 1.49929, 0.0137729, 0.602004, -0.208745, 0.321208, -0.133199, 0.973085, -1.211, 1.21101, -1.20738;
0.311946, -0.55654, -0.370717, 1.4969, 0.0116301, 0.603372, -0.201745, 0.321221, -0.129702, 0.974592, -1.21101, 1.21103, -1.20736;
0.305806, -0.554208, -0.361814, 1.49445, 0.00943714, 0.604779, -0.194728, 0.321234, -0.126205, 0.976098, -1.21101, 1.21104, -1.20734;
0.299683, -0.551885, -0.352905, 1.49193, 0.00719437, 0.606223, -0.187695, 0.321247, -0.122708, 0.977604, -1.21101, 1.21105, -1.20732;
0.293578, -0.549567, -0.343989, 1.48935, 0.004902, 0.607706, -0.180647, 0.321259, -0.119211, 0.97911, -1.21102, 1.21107, -1.2073;
0.287492, -0.547256, -0.335069, 1.48671, 0.00256027, 0.609227, -0.173585, 0.321272, -0.115713, 0.980616, -1.21102, 1.21108, -1.20728;
0.281424, -0.544951, -0.326143, 1.484, 0.000169417, 0.610786, -0.166509, 0.321284, -0.112216, 0.982122, -1.21102, 1.21109, -1.20726;
0.275376, -0.54265, -0.317213, 1.48123, -0.00227034, 0.612383, -0.15942, 0.321296, -0.108719, 0.983628, -1.21102, 1.21111, -1.20724;
0.269347, -0.540353, -0.308278, 1.47839, -0.00475877, 0.614019, -0.152319, 0.321308, -0.105222, 0.985133, -1.21102, 1.21112, -1.20722;
0.263338, -0.538059, -0.299339, 1.47549, -0.00729563, 0.615693, -0.145206, 0.32132, -0.101725, 0.986638, -1.21102, 1.21113, -1.2072;
0.25735, -0.535767, -0.290397, 1.47252, -0.00988073, 0.617406, -0.138083, 0.321331, -0.0982274, 0.988144, -1.21102, 1.21114, -1.20718;
0.251382, -0.533477, -0.281451, 1.46949, -0.0125139, 0.619158, -0.130949, 0.321342, -0.0947301, 0.989649, -1.21102, 1.21116, -1.20716;
0.245435, -0.531189, -0.272501, 1.46639, -0.0151948, 0.620949, -0.123807, 0.321354, -0.0912328, 0.991154, -1.21102, 1.21117, -1.20714;
0.239509, -0.5289, -0.263549, 1.46323, -0.0179234, 0.622779, -0.116656, 0.321365, -0.0877354, 0.992659, -1.21102, 1.21118, -1.20712;
0.233604, -0.526611, -0.254593, 1.46, -0.0206995, 0.624649, -0.109498, 0.321375, -0.0842381, 0.994163, -1.21101, 1.2112, -1.2071;
0.227721, -0.524321, -0.245634, 1.45671, -0.023523, 0.626557, -0.102332, 0.321386, -0.0807407, 0.995668, -1.21101, 1.21121, -1.20708;
0.22186, -0.522028, -0.236673, 1.45335, -0.0263936, 0.628505, -0.0951599, 0.321396, -0.0772432, 0.997172, -1.21101, 1.21122, -1.20706;
0.216021, -0.519733, -0.227708, 1.44992, -0.0293113, 0.630493, -0.0879824, 0.321407, -0.0737458, 0.998677, -1.21101, 1.21124, -1.20704;
0.210203, -0.517434, -0.21874, 1.44643, -0.032276, 0.632521, -0.0808001, 0.321417, -0.0702483, 1.00018, -1.211, 1.21125, -1.20702;
0.204408, -0.51513, -0.209769, 1.44288, -0.0352875, 0.634588, -0.0736136, 0.321427, -0.0667508, 1.00168, -1.211, 1.21126, -1.207;
0.198635, -0.512822, -0.200795, 1.43925, -0.0383458, 0.636695, -0.0664236, 0.321436, -0.0632532, 1.00319, -1.21099, 1.21127, -1.20698;
0.192884, -0.510507, -0.191817, 1.43557, -0.0414509, 0.638843, -0.0592308, 0.321446, -0.0597557, 1.00469, -1.21099, 1.21129, -1.20696;
0.187156, -0.508185, -0.182836, 1.43181, -0.0446028, 0.641031, -0.0520358, 0.321455, -0.0562581, 1.0062, -1.21098, 1.2113, -1.20694;
0.181449, -0.505856, -0.173851, 1.42799, -0.0478014, 0.64326, -0.0448394, 0.321464, -0.0527605, 1.0077, -1.21097, 1.21131, -1.20692;
0.175766, -0.503518, -0.164861, 1.42411, -0.0510468, 0.64553, -0.0376422, 0.321473, -0.0492628, 1.0092, -1.21097, 1.21133, -1.2069;
0.170104, -0.501171, -0.155866, 1.42015, -0.054339, 0.64784, -0.0304448, 0.321482, -0.0457652, 1.01071, -1.21096, 1.21134, -1.20688;
0.164465, -0.498814, -0.146867, 1.41613, -0.0576781, 0.650192, -0.0232479, 0.321491, -0.0422675, 1.01221, -1.21095, 1.21135, -1.20686;
0.158848, -0.496446, -0.137862, 1.41205, -0.0610643, 0.652585, -0.016052, 0.321499, -0.0387698, 1.01371, -1.21094, 1.21137, -1.20684;
0.153253, -0.494067, -0.128851, 1.40789, -0.0644976, 0.65502, -0.00885773, 0.321507, -0.0352721, 1.01522, -1.21093, 1.21138, -1.20682;
0.147679, -0.491674, -0.119833, 1.40367, -0.0679784, 0.657496, -0.00166572, 0.321515, -0.0317744, 1.01672, -1.21092, 1.21139, -1.2068;
0.142128, -0.489269, -0.110807, 1.39938, -0.0715067, 0.660015, 0.00552351, 0.321523, -0.0282766, 1.01822, -1.21091, 1.21141, -1.20678;
0.136598, -0.486849, -0.101774, 1.39502, -0.0750828, 0.662576, 0.0127094, 0.32153, -0.0247789, 1.01972, -1.2109, 1.21142, -1.20676;
0.13109, -0.484413, -0.0927321, 1.3906, -0.078707, 0.665179, 0.0198913, 0.321538, -0.0212811, 1.02122, -1.21089, 1.21143, -1.20673;
0.125602, -0.481962, -0.0836805, 1.3861, -0.0823797, 0.667825, 0.0270688, 0.321545, -0.0177833, 1.02273, -1.21087, 1.21145, -1.20671;
0.120136, -0.479494, -0.0746185, 1.38154, -0.0861012, 0.670514, 0.0342414, 0.321552, -0.0142855, 1.02423, -1.21086, 1.21146, -1.20669;
0.11469, -0.477008, -0.0655451, 1.37691, -0.089872, 0.673247, 0.0414085, 0.321559, -0.0107877, 1.02573, -1.21085, 1.21147, -1.20667;
0.109264, -0.474503, -0.0564594, 1.37221, -0.0936924, 0.676023, 0.0485697, 0.321566, -0.00728988, 1.02723, -1.21083, 1.21149, -1.20665;
0.103858, -0.471979, -0.0473603, 1.36744, -0.097563, 0.678843, 0.0557244, 0.321572, -0.00379205, 1.02873, -1.21082, 1.2115, -1.20663;
0.0984723, -0.469434, -0.0382466, 1.3626, -0.101484, 0.681708, 0.0628724, 0.321578, -0.000294212, 1.03024, -1.2108, 1.21151, -1.20661;
0.0984959, -0.469427, -0.0382843, 1.36258, -0.101467, 0.681719, 0.0628413, 0.321578, -0.00030824, 1.03024, -1.2108, 1.21151, -1.20661;
0.0984958, -0.469427, -0.0382841, 1.36258, -0.101467, 0.681719, 0.0628414, 0.321578, -0.000308171, 1.03024, -1.2108, 1.21151, -1.20661;
0.0984958, -0.469427, -0.0382841, 1.36258, -0.101467, 0.681719, 0.0628414, 0.321578, -0.000308172, 1.03024, -1.2108, 1.21151, -1.20661;
0.0984958, -0.469427, -0.0382841, 1.36258, -0.101467, 0.681719, 0.0628414, 0.321578, -0.000308172, 1.03024, -1.2108, 1.21151, -1.20661;
0.0984958, -0.469427, -0.0382841, 1.36258, -0.101467, 0.681719, 0.0628414, 0.321578, -0.000308172, 1.03024, -1.2108, 1.21151, -1.20661;
0.0984958, -0.469427, -0.0382841, 1.36258, -0.101467, 0.681719, 0.0628414, 0.321578, -0.000308172, 1.03024, -1.2108, 1.21151, -1.20661;
0.0984958, -0.469427, -0.0382841, 1.36258, -0.101467, 0.681719, 0.0628414, 0.321578, -0.000308172, 1.03024, -1.2108, 1.21151, -1.20661;
0.0984958, -0.469427, -0.0382841, 1.36258, -0.101467, 0.681719, 0.0628414, 0.321578, -0.000308172, 1.03024, -1.2108, 1.21151, -1.20661;
0.0984958, -0.469427, -0.0382841, 1.36258, -0.101467, 0.681719, 0.0628414, 0.321578, -0.000308172, 1.03024, -1.2108, 1.21151, -1.20661;
0.0984958, -0.469427, -0.0382841, 1.36258, -0.101467, 0.681719, 0.0628414, 0.321578, -0.000308172, 1.03024, -1.2108, 1.21151, -1.20661;
0.0984958, -0.469427, -0.0382841, 1.36258, -0.101467, 0.681719, 0.0628414, 0.321578, -0.000308172, 1.03024, -1.2108, 1.21151, -1.20661;
0.0984958, -0.469427, -0.0382841, 1.36258, -0.101467, 0.681719, 0.0628414, 0.321578, -0.000308172, 1.03024, -1.2108, 1.21151, -1.20661;
0.0984958, -0.469427, -0.0382841, 1.36258, -0.101467, 0.681719, 0.0628414, 0.321578, -0.000308172, 1.03024, -1.2108, 1.21151, -1.20661;
0.0984958, -0.469427, -0.0382841, 1.36258, -0.101467, 0.681719, 0.0628414, 0.321578, -0.000308172, 1.03024, -1.2108, 1.21151, -1.20661;
0.0984958, -0.469427, -0.0382841, 1.36258, -0.101467, 0.681719, 0.0628414, 0.321578, -0.000308172, 1.03024, -1.2108, 1.21151, -1.20661;
0.0984958, -0.469427, -0.0382841, 1.36258, -0.101467, 0.681719, 0.0628414, 0.321578, -0.000308172, 1.03024, -1.2108, 1.21151, -1.20661;
0.0984958, -0.469427, -0.0382841, 1.36258, -0.101467, 0.681719, 0.0628414, 0.321578, -0.000308172, 1.03024, -1.2108, 1.21151, -1.20661;
0.0984958, -0.469427, -0.0382841, 1.36258, -0.101467, 0.681719, 0.0628414, 0.321578, -0.000308172, 1.03024, -1.2108, 1.21151, -1.20661;
0.0984958, -0.469427, -0.0382841, 1.36258, -0.101467, 0.681719, 0.0628414, 0.321578, -0.000308172, 1.03024, -1.2108, 1.21151, -1.20661;
0.0984958, -0.469427, -0.0382841, 1.36258, -0.101467, 0.681719, 0.0628414, 0.321578, -0.000308172, 1.03024, -1.2108, 1.21151, -1.20661;
0.0984958, -0.469427, -0.0382841, 1.36258, -0.101467, 0.681719, 0.0628414, 0.321578, -0.000308172, 1.03024, -1.2108, 1.21151, -1.20661;
0.0984958, -0.469427, -0.0382841, 1.36258, -0.101467, 0.681719, 0.0628414, 0.321578, -0.000308172, 1.03024, -1.2108, 1.21151, -1.20661;
0.0984958, -0.469427, -0.0382841, 1.36258, -0.101467, 0.681719, 0.0628414, 0.321578, -0.000308172, 1.03024, -1.2108, 1.21151, -1.20661;
0.0984958, -0.469427, -0.0382841, 1.36258, -0.101467, 0.681719, 0.0628414, 0.321578, -0.000308172, 1.03024, -1.2108, 1.21151, -1.20661;
0.0984958, -0.469427, -0.0382841, 1.36258, -0.101467, 0.681719, 0.0628414, 0.321578, -0.000308172, 1.03024, -1.2108, 1.21151, -1.20661;
0.0984958, -0.469427, -0.0382841, 1.36258, -0.101467, 0.681719, 0.0628414, 0.321578, -0.000308172, 1.03024, -1.2108, 1.21151, -1.20661;
0.0984958, -0.469427, -0.0382841, 1.36258, -0.101467, 0.681719, 0.0628414, 0.321578, -0.000308172, 1.03024, -1.2108, 1.21151, -1.20661;
0.0984958, -0.469427, -0.0382841, 1.36258, -0.101467, 0.681719, 0.0628414, 0.321578, -0.000308172, 1.03024, -1.2108, 1.21151, -1.20661;
0.0984958, -0.469427, -0.0382841, 1.36258, -0.101467, 0.681719, 0.0628414, 0.321578, -0.000308172, 1.03024, -1.2108, 1.21151, -1.20661;
0.0984958, -0.469427, -0.0382841, 1.36258, -0.101467, 0.681719, 0.0628414, 0.321578, -0.000308172, 1.03024, -1.2108, 1.21151, -1.20661;
0.0984958, -0.469427, -0.0382841, 1.36258, -0.101467, 0.681719, 0.0628414, 0.321578, -0.000308172, 1.03024, -1.2108, 1.21151, -1.20661;
0.0984958, -0.469427, -0.0382841, 1.36258, -0.101467, 0.681719, 0.0628414, 0.321578, -0.000308172, 1.03024, -1.2108, 1.21151, -1.20661;
0.0984958, -0.469427, -0.0382841, 1.36258, -0.101467, 0.681719, 0.0628414, 0.321578, -0.000308172, 1.03024, -1.2108, 1.21151, -1.20661;
0.0984958, -0.469427, -0.0382841, 1.36258, -0.101467, 0.681719, 0.0628414, 0.321578, -0.000308172, 1.03024, -1.2108, 1.21151, -1.20661;
0.0984958, -0.469427, -0.0382841, 1.36258, -0.101467, 0.681719, 0.0628414, 0.321578, -0.000308172, 1.03024, -1.2108, 1.21151, -1.20661;
0.0984958, -0.469427, -0.0382841, 1.36258, -0.101467, 0.681719, 0.0628414, 0.321578, -0.000308172, 1.03024, -1.2108, 1.21151, -1.20661;
0.0984958, -0.469427, -0.0382841, 1.36258, -0.101467, 0.681719, 0.0628414, 0.321578, -0.000308172, 1.03024, -1.2108, 1.21151, -1.20661;
0.0984958, -0.469427, -0.0382841, 1.36258, -0.101467, 0.681719, 0.0628414, 0.321578, -0.000308172, 1.03024, -1.2108, 1.21151, -1.20661;
0.0984958, -0.469427, -0.0382841, 1.36258, -0.101467, 0.681719, 0.0628414, 0.321578, -0.000308172, 1.03024, -1.2108, 1.21151, -1.20661;
0.0984958, -0.469427, -0.0382841, 1.36258, -0.101467, 0.681719, 0.0628414, 0.321578, -0.000308172, 1.03024, -1.2108, 1.21151, -1.20661;
0.0984958, -0.469427, -0.0382841, 1.36258, -0.101467, 0.681719, 0.0628414, 0.321578, -0.000308172, 1.03024, -1.2108, 1.21151, -1.20661;
0.0984958, -0.469427, -0.0382841, 1.36258, -0.101467, 0.681719, 0.0628414, 0.321578, -0.000308172, 1.03024, -1.2108, 1.21151, -1.20661;
0.0984958, -0.469427, -0.0382841, 1.36258, -0.101467, 0.681719, 0.0628414, 0.321578, -0.000308172, 1.03024, -1.2108, 1.21151, -1.20661;
0.0984958, -0.469427, -0.0382841, 1.36258, -0.101467, 0.681719, 0.0628414, 0.321578, -0.000308172, 1.03024, -1.2108, 1.21151, -1.20661;
0.0984958, -0.469427, -0.0382841, 1.36258, -0.101467, 0.681719, 0.0628414, 0.321578, -0.000308172, 1.03024, -1.2108, 1.21151, -1.20661;
0.0984958, -0.469427, -0.0382841, 1.36258, -0.101467, 0.681719, 0.0628414, 0.321578, -0.000308172, 1.03024, -1.2108, 1.21151, -1.20661;
0.0984958, -0.469427, -0.0382841, 1.36258, -0.101467, 0.681719, 0.0628414, 0.321578, -0.000308172, 1.03024, -1.2108, 1.21151, -1.20661;
0.0984958, -0.469427, -0.0382841, 1.36258, -0.101467, 0.681719, 0.0628414, 0.321578, -0.000308172, 1.03024, -1.2108, 1.21151, -1.20661;
0.0984958, -0.469427, -0.0382841, 1.36258, -0.101467, 0.681719, 0.0628414, 0.321578, -0.000308172, 1.03024, -1.2108, 1.21151, -1.20661;
0.0984958, -0.469427, -0.0382841, 1.36258, -0.101467, 0.681719, 0.0628414, 0.321578, -0.000308172, 1.03024, -1.2108, 1.21151, -1.20661;
0.0984958, -0.469427, -0.0382841, 1.36258, -0.101467, 0.681719, 0.0628414, 0.321578, -0.000308172, 1.03024, -1.2108, 1.21151, -1.20661;
0.0984958, -0.469427, -0.0382841, 1.36258, -0.101467, 0.681719, 0.0628414, 0.321578, -0.000308172, 1.03024, -1.2108, 1.21151, -1.20661;
0.0984958, -0.469427, -0.0382841, 1.36258, -0.101467, 0.681719, 0.0628414, 0.321578, -0.000308172, 1.03024, -1.2108, 1.21151, -1.20661;
0.0984958, -0.469427, -0.0382841, 1.36258, -0.101467, 0.681719, 0.0628414, 0.321578, -0.000308172, 1.03024, -1.2108, 1.21151, -1.20661;
0.0984958, -0.469427, -0.0382841, 1.36258, -0.101467, 0.681719, 0.0628414, 0.321578, -0.000308172, 1.03024, -1.2108, 1.21151, -1.20661;
0.0984958, -0.469427, -0.0382841, 1.36258, -0.101467, 0.681719, 0.0628414, 0.321578, -0.000308172, 1.03024, -1.2108, 1.21151, -1.20661;
0.0984958, -0.469427, -0.0382841, 1.36258, -0.101467, 0.681719, 0.0628414, 0.321578, -0.000308172, 1.03024, -1.2108, 1.21151, -1.20661;
0.0984958, -0.469427, -0.0382841, 1.36258, -0.101467, 0.681719, 0.0628414, 0.321578, -0.000308172, 1.03024, -1.2108, 1.21151, -1.20661;
0.0984958, -0.469427, -0.0382841, 1.36258, -0.101467, 0.681719, 0.0628414, 0.321578, -0.000308172, 1.03024, -1.2108, 1.21151, -1.20661;
0.0984958, -0.469427, -0.0382841, 1.36258, -0.101467, 0.681719, 0.0628414, 0.321578, -0.000308172, 1.03024, -1.2108, 1.21151, -1.20661;
0.0984958, -0.469427, -0.0382841, 1.36258, -0.101467, 0.681719, 0.0628414, 0.321578, -0.000308172, 1.03024, -1.2108, 1.21151, -1.20661;
0.0984958, -0.469427, -0.0382841, 1.36258, -0.101467, 0.681719, 0.0628414, 0.321578, -0.000308172, 1.03024, -1.2108, 1.21151, -1.20661;
0.0984958, -0.469427, -0.0382841, 1.36258, -0.101467, 0.681719, 0.0628414, 0.321578, -0.000308172, 1.03024, -1.2108, 1.21151, -1.20661;
0.0984958, -0.469427, -0.0382841, 1.36258, -0.101467, 0.681719, 0.0628414, 0.321578, -0.000308172, 1.03024, -1.2108, 1.21151, -1.20661;
0.0984958, -0.469427, -0.0382841, 1.36258, -0.101467, 0.681719, 0.0628414, 0.321578, -0.000308172, 1.03024, -1.2108, 1.21151, -1.20661;
0.0984958, -0.469427, -0.0382841, 1.36258, -0.101467, 0.681719, 0.0628414, 0.321578, -0.000308172, 1.03024, -1.2108, 1.21151, -1.20661;
0.0984958, -0.469427, -0.0382841, 1.36258, -0.101467, 0.681719, 0.0628414, 0.321578, -0.000308172, 1.03024, -1.2108, 1.21151, -1.20661;
0.0984958, -0.469427, -0.0382841, 1.36258, -0.101467, 0.681719, 0.0628414, 0.321578, -0.000308172, 1.03024, -1.2108, 1.21151, -1.20661;
0.0984958, -0.469427, -0.0382841, 1.36258, -0.101467, 0.681719, 0.0628414, 0.321578, -0.000308172, 1.03024, -1.2108, 1.21151, -1.20661;
0.0984958, -0.469427, -0.0382841, 1.36258, -0.101467, 0.681719, 0.0628414, 0.321578, -0.000308172, 1.03024, -1.2108, 1.21151, -1.20661;
0.0984958, -0.469427, -0.0382841, 1.36258, -0.101467, 0.681719, 0.0628414, 0.321578, -0.000308172, 1.03024, -1.2108, 1.21151, -1.20661;
0.0984958, -0.469427, -0.0382841, 1.36258, -0.101467, 0.681719, 0.0628414, 0.321578, -0.000308172, 1.03024, -1.2108, 1.21151, -1.20661;
0.0984958, -0.469427, -0.0382841, 1.36258, -0.101467, 0.681719, 0.0628414, 0.321578, -0.000308172, 1.03024, -1.2108, 1.21151, -1.20661;
0.0984958, -0.469427, -0.0382841, 1.36258, -0.101467, 0.681719, 0.0628414, 0.321578, -0.000308172, 1.03024, -1.2108, 1.21151, -1.20661;
0.0984958, -0.469427, -0.0382841, 1.36258, -0.101467, 0.681719, 0.0628414, 0.321578, -0.000308172, 1.03024, -1.2108, 1.21151, -1.20661;
0.0984958, -0.469427, -0.0382841, 1.36258, -0.101467, 0.681719, 0.0628414, 0.321578, -0.000308172, 1.03024, -1.2108, 1.21151, -1.20661;
0.0984958, -0.469427, -0.0382841, 1.36258, -0.101467, 0.681719, 0.0628414, 0.321578, -0.000308172, 1.03024, -1.2108, 1.21151, -1.20661;
0.0984958, -0.469427, -0.0382841, 1.36258, -0.101467, 0.681719, 0.0628414, 0.321578, -0.000308172, 1.03024, -1.2108, 1.21151, -1.20661;
0.0984958, -0.469427, -0.0382841, 1.36258, -0.101467, 0.681719, 0.0628414, 0.321578, -0.000308172, 1.03024, -1.2108, 1.21151, -1.20661;
0.0984958, -0.469427, -0.0382841, 1.36258, -0.101467, 0.681719, 0.0628414, 0.321578, -0.000308172, 1.03024, -1.2108, 1.21151, -1.20661;
0.0984958, -0.469427, -0.0382841, 1.36258, -0.101467, 0.681719, 0.0628414, 0.321578, -0.000308172, 1.03024, -1.2108, 1.21151, -1.20661;
0.0984958, -0.469427, -0.0382841, 1.36258, -0.101467, 0.681719, 0.0628414, 0.321578, -0.000308172, 1.03024, -1.2108, 1.21151, -1.20661;
0.0984958, -0.469427, -0.0382841, 1.36258, -0.101467, 0.681719, 0.0628414, 0.321578, -0.000308172, 1.03024, -1.2108, 1.21151, -1.20661;
0.0984958, -0.469427, -0.0382841, 1.36258, -0.101467, 0.681719, 0.0628414, 0.321578, -0.000308172, 1.03024, -1.2108, 1.21151, -1.20661;
0.0984958, -0.469427, -0.0382841, 1.36258, -0.101467, 0.681719, 0.0628414, 0.321578, -0.000308172, 1.03024, -1.2108, 1.21151, -1.20661;
0.0984958, -0.469427, -0.0382841, 1.36258, -0.101467, 0.681719, 0.0628414, 0.321578, -0.000308172, 1.03024, -1.2108, 1.21151, -1.20661;
0.0984958, -0.469427, -0.0382841, 1.36258, -0.101467, 0.681719, 0.0628414, 0.321578, -0.000308172, 1.03024, -1.2108, 1.21151, -1.20661;
0.0984958, -0.469427, -0.0382841, 1.36258, -0.101467, 0.681719, 0.0628414, 0.321578, -0.000308172, 1.03024, -1.2108, 1.21151, -1.20661;
0.0984958, -0.469427, -0.0382841, 1.36258, -0.101467, 0.681719, 0.0628414, 0.321578, -0.000308172, 1.03024, -1.2108, 1.21151, -1.20661;
0.0984958, -0.469427, -0.0382841, 1.36258, -0.101467, 0.681719, 0.0628414, 0.321578, -0.000308172, 1.03024, -1.2108, 1.21151, -1.20661;
0.0984958, -0.469427, -0.0382841, 1.36258, -0.101467, 0.681719, 0.0628414, 0.321578, -0.000308172, 1.03024, -1.2108, 1.21151, -1.20661;
0.0984958, -0.469427, -0.0382841, 1.36258, -0.101467, 0.681719, 0.0628414, 0.321578, -0.000308172, 1.03024, -1.2108, 1.21151, -1.20661;
0.0984958, -0.469427, -0.0382841, 1.36258, -0.101467, 0.681719, 0.0628414, 0.321578, -0.000308172, 1.03024, -1.2108, 1.21151, -1.20661;
0.0984958, -0.469427, -0.0382841, 1.36258, -0.101467, 0.681719, 0.0628414, 0.321578, -0.000308172, 1.03024, -1.2108, 1.21151, -1.20661;
0.0984958, -0.469427, -0.0382841, 1.36258, -0.101467, 0.681719, 0.0628414, 0.321578, -0.000308172, 1.03024, -1.2108, 1.21151, -1.20661;
0.0984958, -0.469427, -0.0382841, 1.36258, -0.101467, 0.681719, 0.0628414, 0.321578, -0.000308172, 1.03024, -1.2108, 1.21151, -1.20661;
0.0984958, -0.469427, -0.0382841, 1.36258, -0.101467, 0.681719, 0.0628414, 0.321578, -0.000308172, 1.03024, -1.2108, 1.21151, -1.20661;
0.0984958, -0.469427, -0.0382841, 1.36258, -0.101467, 0.681719, 0.0628414, 0.321578, -0.000308172, 1.03024, -1.2108, 1.21151, -1.20661;
0.0984958, -0.469427, -0.0382841, 1.36258, -0.101467, 0.681719, 0.0628414, 0.321578, -0.000308172, 1.03024, -1.2108, 1.21151, -1.20661;
0.0984958, -0.469427, -0.0382841, 1.36258, -0.101467, 0.681719, 0.0628414, 0.321578, -0.000308172, 1.03024, -1.2108, 1.21151, -1.20661;
0.104148, -0.469836, -0.0475912, 1.36257, -0.0972926, 0.681558, 0.0553616, 0.321584, -0.00382631, 1.03023, -1.2108, 1.21151, -1.2066;
0.109781, -0.470214, -0.0568497, 1.36247, -0.0931489, 0.681457, 0.0479216, 0.32159, -0.0073265, 1.03023, -1.2108, 1.21152, -1.2066;
0.115421, -0.470579, -0.0661065, 1.36232, -0.0890155, 0.681394, 0.0404859, 0.321596, -0.0108268, 1.03023, -1.2108, 1.21152, -1.2066;
0.121068, -0.470931, -0.0753621, 1.36211, -0.0848926, 0.681369, 0.0330551, 0.321602, -0.0143271, 1.03023, -1.2108, 1.21152, -1.2066;
0.126724, -0.47127, -0.0846168, 1.36185, -0.08078, 0.681382, 0.0256297, 0.321608, -0.0178273, 1.03023, -1.21081, 1.21152, -1.20659;
0.132387, -0.471596, -0.0938711, 1.36153, -0.0766778, 0.681433, 0.0182104, 0.321614, -0.0213275, 1.03023, -1.21081, 1.21152, -1.20659;
0.138059, -0.471909, -0.103126, 1.36115, -0.072586, 0.681523, 0.0107975, 0.32162, -0.0248278, 1.03024, -1.21081, 1.21153, -1.20659;
0.143741, -0.472209, -0.112381, 1.36072, -0.0685045, 0.68165, 0.00339174, 0.321626, -0.028328, 1.03024, -1.21081, 1.21153, -1.20659;
0.149432, -0.472498, -0.121637, 1.36023, -0.0644334, 0.681816, -0.0040065, 0.321632, -0.0318281, 1.03024, -1.21082, 1.21153, -1.20659;
0.155132, -0.472773, -0.130895, 1.35968, -0.0603726, 0.682019, -0.0113967, 0.321638, -0.0353283, 1.03024, -1.21082, 1.21153, -1.20659;
0.160843, -0.473037, -0.140155, 1.35908, -0.0563221, 0.682261, -0.0187782, 0.321644, -0.0388284, 1.03024, -1.21082, 1.21153, -1.20659;
0.166565, -0.473288, -0.149417, 1.35843, -0.052282, 0.68254, -0.0261506, 0.32165, -0.0423285, 1.03024, -1.21082, 1.21153, -1.20659;
0.172299, -0.473527, -0.158683, 1.35772, -0.0482522, 0.682857, -0.0335133, 0.321656, -0.0458286, 1.03024, -1.21083, 1.21153, -1.20659;
0.178043, -0.473754, -0.167952, 1.35695, -0.0442329, 0.683212, -0.0408659, 0.321662, -0.0493287, 1.03024, -1.21083, 1.21153, -1.20659;
0.1838, -0.47397, -0.177225, 1.35612, -0.0402239, 0.683605, -0.0482077, 0.321669, -0.0528288, 1.03024, -1.21084, 1.21153, -1.20659;
0.18957, -0.474174, -0.186502, 1.35524, -0.0362254, 0.684035, -0.0555382, 0.321675, -0.0563288, 1.03024, -1.21084, 1.21154, -1.20659;
0.195353, -0.474366, -0.195785, 1.35431, -0.0322374, 0.684503, -0.062857, 0.321681, -0.0598288, 1.03024, -1.21084, 1.21154, -1.20659;
0.201149, -0.474546, -0.205073, 1.35332, -0.02826, 0.685008, -0.0701634, 0.321687, -0.0633288, 1.03024, -1.21085, 1.21154, -1.20659;
0.206959, -0.474716, -0.214368, 1.35227, -0.0242931, 0.685551, -0.0774569, 0.321694, -0.0668288, 1.03025, -1.21085, 1.21154, -1.20659;
0.212784, -0.474874, -0.223669, 1.35116, -0.020337, 0.686132, -0.084737, 0.3217, -0.0703287, 1.03025, -1.21086, 1.21154, -1.20659;
0.218623, -0.475021, -0.232977, 1.35, -0.0163916, 0.68675, -0.0920032, 0.321706, -0.0738287, 1.03025, -1.21086, 1.21154, -1.20659;
0.224479, -0.475157, -0.242292, 1.34879, -0.012457, 0.687405, -0.0992548, 0.321713, -0.0773286, 1.03025, -1.21087, 1.21154, -1.20659;
0.23035, -0.475282, -0.251616, 1.34752, -0.00853336, 0.688097, -0.106491, 0.321719, -0.0808285, 1.03025, -1.21088, 1.21154, -1.20659;
0.236238, -0.475396, -0.260949, 1.34619, -0.00462074, 0.688827, -0.113712, 0.321725, -0.0843283, 1.03025, -1.21088, 1.21154, -1.20659;
0.242143, -0.4755, -0.27029, 1.3448, -0.000719263, 0.689594, -0.120917, 0.321732, -0.0878282, 1.03025, -1.21089, 1.21154, -1.2066;
0.248067, -0.475593, -0.279642, 1.34336, 0.00317096, 0.690398, -0.128105, 0.321738, -0.091328, 1.03025, -1.21089, 1.21154, -1.2066;
0.254008, -0.475676, -0.289004, 1.34186, 0.00704979, 0.69124, -0.135276, 0.321745, -0.0948278, 1.03025, -1.2109, 1.21154, -1.2066;
0.259969, -0.475748, -0.298376, 1.34031, 0.0109171, 0.692118, -0.142429, 0.321751, -0.0983276, 1.03026, -1.21091, 1.21154, -1.2066;
0.265949, -0.47581, -0.307761, 1.33869, 0.0147727, 0.693034, -0.149564, 0.321757, -0.101827, 1.03026, -1.21092, 1.21154, -1.20661;
0.27195, -0.475863, -0.317157, 1.33703, 0.0186165, 0.693986, -0.156679, 0.321764, -0.105327, 1.03026, -1.21092, 1.21154, -1.20661;
0.277972, -0.475905, -0.326566, 1.3353, 0.0224482, 0.694976, -0.163775, 0.32177, -0.108827, 1.03026, -1.21093, 1.21154, -1.20661;
0.284015, -0.475938, -0.335989, 1.33352, 0.0262678, 0.696003, -0.170851, 0.321777, -0.112326, 1.03026, -1.21094, 1.21154, -1.20661;
0.290081, -0.475961, -0.345425, 1.33168, 0.0300749, 0.697066, -0.177906, 0.321783, -0.115826, 1.03026, -1.21095, 1.21154, -1.20662;
0.29617, -0.475975, -0.354876, 1.32979, 0.0338693, 0.698166, -0.18494, 0.32179, -0.119326, 1.03026, -1.21095, 1.21154, -1.20662;
0.302283, -0.47598, -0.364342, 1.32783, 0.0376509, 0.699303, -0.191952, 0.321797, -0.122825, 1.03026, -1.21096, 1.21154, -1.20662;
0.308421, -0.475975, -0.373824, 1.32582, 0.0414194, 0.700477, -0.198941, 0.321803, -0.126325, 1.03027, -1.21097, 1.21153, -1.20663;
0.314584, -0.475962, -0.383322, 1.32376, 0.0451744, 0.701687, -0.205907, 0.32181, -0.129825, 1.03027, -1.21098, 1.21153, -1.20663;
0.320774, -0.47594, -0.392838, 1.32163, 0.0489158, 0.702935, -0.21285, 0.321816, -0.133324, 1.03027, -1.21099, 1.21153, -1.20664;
0.326991, -0.47591, -0.402371, 1.31945, 0.0526431, 0.704218, -0.219768, 0.321823, -0.136824, 1.03027, -1.211, 1.21153, -1.20664;
0.333236, -0.475872, -0.411923, 1.31721, 0.0563562, 0.705539, -0.226661, 0.32183, -0.140323, 1.03027, -1.21101, 1.21153, -1.20665;
0.33951, -0.475825, -0.421494, 1.31491, 0.0600545, 0.706896, -0.233528, 0.321836, -0.143822, 1.03027, -1.21102, 1.21153, -1.20665;
0.345814, -0.475771, -0.431085, 1.31256, 0.0637378, 0.708289, -0.240369, 0.321843, -0.147322, 1.03028, -1.21103, 1.21153, -1.20666;
0.352149, -0.47571, -0.440696, 1.31015, 0.0674057, 0.709719, -0.247183, 0.32185, -0.150821, 1.03028, -1.21104, 1.21153, -1.20666;
0.358515, -0.475641, -0.450329, 1.30767, 0.0710577, 0.711185, -0.25397, 0.321856, -0.154321, 1.03028, -1.21105, 1.21153, -1.20667;
0.364915, -0.475565, -0.459984, 1.30515, 0.0746933, 0.712687, -0.260728, 0.321863, -0.15782, 1.03028, -1.21106, 1.21153, -1.20667;
0.371349, -0.475483, -0.469662, 1.30256, 0.0783122, 0.714226, -0.267457, 0.32187, -0.161319, 1.03028, -1.21107, 1.21152, -1.20668;
0.377818, -0.475395, -0.479364, 1.29991, 0.0819137, 0.715801, -0.274157, 0.321877, -0.164819, 1.03028, -1.21108, 1.21152, -1.20668;
0.384323, -0.4753, -0.48909, 1.29721, 0.0854974, 0.717412, -0.280826, 0.321883, -0.168318, 1.03029, -1.2111, 1.21152, -1.20669;
0.390865, -0.4752, -0.49884, 1.29444, 0.0890626, 0.71906, -0.287464, 0.32189, -0.171817, 1.03029, -1.21111, 1.21152, -1.2067;
0.397446, -0.475095, -0.508617, 1.29162, 0.0926088, 0.720743, -0.29407, 0.321897, -0.175316, 1.03029, -1.21112, 1.21152, -1.2067;
0.404067, -0.474985, -0.51842, 1.28874, 0.0961353, 0.722462, -0.300643, 0.321904, -0.178815, 1.03029, -1.21113, 1.21152, -1.20671;
0.410728, -0.474871, -0.528251, 1.2858, 0.0996414, 0.724218, -0.307183, 0.321911, -0.182315, 1.03029, -1.21115, 1.21152, -1.20672;
0.417432, -0.474752, -0.53811, 1.2828, 0.103126, 0.726009, -0.313688, 0.321918, -0.185814, 1.03029, -1.21116, 1.21151, -1.20672;
0.424179, -0.474631, -0.547997, 1.27974, 0.106589, 0.727836, -0.320159, 0.321925, -0.189313, 1.0303, -1.21117, 1.21151, -1.20673;
0.430972, -0.474506, -0.557915, 1.27662, 0.11003, 0.729698, -0.326594, 0.321932, -0.192812, 1.0303, -1.21119, 1.21151, -1.20674;
0.43781, -0.47438, -0.567862, 1.27344, 0.113447, 0.731597, -0.332991, 0.32194, -0.196311, 1.0303, -1.2112, 1.21151, -1.20675;
0.444697, -0.474251, -0.577841, 1.2702, 0.116839, 0.733531, -0.339351, 0.321947, -0.19981, 1.0303, -1.21121, 1.21151, -1.20675;
0.451632, -0.474121, -0.587852, 1.2669, 0.120205, 0.7355, -0.345673, 0.321954, -0.203309, 1.03031, -1.21123, 1.21151, -1.20676;
0.458618, -0.473991, -0.597895, 1.26353, 0.123546, 0.737505, -0.351955, 0.321961, -0.206808, 1.03031, -1.21124, 1.2115, -1.20677;
0.465656, -0.473861, -0.607971, 1.26011, 0.126858, 0.739545, -0.358197, 0.321969, -0.210307, 1.03031, -1.21126, 1.2115, -1.20678;
0.472748, -0.473732, -0.618082, 1.25663, 0.130142, 0.74162, -0.364397, 0.321976, -0.213805, 1.03031, -1.21127, 1.2115, -1.20679;
0.479894, -0.473604, -0.628227, 1.25308, 0.133395, 0.743731, -0.370556, 0.321984, -0.217304, 1.03032, -1.21129, 1.2115, -1.2068;
0.487098, -0.473479, -0.638407, 1.24947, 0.136618, 0.745876, -0.37667, 0.321991, -0.220803, 1.03032, -1.21131, 1.2115, -1.2068;
0.49436, -0.473357, -0.648624, 1.2458, 0.139807, 0.748057, -0.38274, 0.321999, -0.224302, 1.03032, -1.21132, 1.2115, -1.20681;
0.501682, -0.473239, -0.658876, 1.24207, 0.142963, 0.750272, -0.388765, 0.322007, -0.227801, 1.03032, -1.21134, 1.2115, -1.20682;
0.509066, -0.473127, -0.669166, 1.23827, 0.146083, 0.752522, -0.394743, 0.322015, -0.231299, 1.03033, -1.21136, 1.2115, -1.20683;
0.516513, -0.47302, -0.679493, 1.23441, 0.149166, 0.754806, -0.400673, 0.322023, -0.234798, 1.03033, -1.21137, 1.21149, -1.20684;
0.524025, -0.472921, -0.689857, 1.23049, 0.152209, 0.757125, -0.406555, 0.322031, -0.238297, 1.03033, -1.21139, 1.21149, -1.20685;
0.531604, -0.47283, -0.70026, 1.22651, 0.155212, 0.759479, -0.412386, 0.32204, -0.241795, 1.03034, -1.21141, 1.21149, -1.20686;
0.539251, -0.472748, -0.710701, 1.22246, 0.158173, 0.761866, -0.418166, 0.322048, -0.245294, 1.03034, -1.21143, 1.21149, -1.20687;
0.546969, -0.472677, -0.721182, 1.21834, 0.161089, 0.764287, -0.423893, 0.322057, -0.248792, 1.03034, -1.21145, 1.21149, -1.20688;
0.554758, -0.472618, -0.7317, 1.21416, 0.163959, 0.766743, -0.429567, 0.322065, -0.252291, 1.03035, -1.21147, 1.21149, -1.20688;
0.562612, -0.472572, -0.742246, 1.20992, 0.166776, 0.769229, -0.435178, 0.322074, -0.255785, 1.03035, -1.21148, 1.21149, -1.20689;
0.570466, -0.472541, -0.75273, 1.20566, 0.169517, 0.771725, -0.440681, 0.322083, -0.259247, 1.03036, -1.2115, 1.21149, -1.2069;
0.57832, -0.472526, -0.763152, 1.20137, 0.17218, 0.774228, -0.446075, 0.322092, -0.262676, 1.03036, -1.21152, 1.21149, -1.20691;
0.586174, -0.472528, -0.773511, 1.19706, 0.174765, 0.77674, -0.451362, 0.322101, -0.266072, 1.03036, -1.21154, 1.21149, -1.20692;
0.594028, -0.472548, -0.783807, 1.19273, 0.177272, 0.779257, -0.456543, 0.32211, -0.269436, 1.03037, -1.21156, 1.21149, -1.20693;
0.601882, -0.472588, -0.794039, 1.18838, 0.179698, 0.78178, -0.461617, 0.322119, -0.272768, 1.03037, -1.21158, 1.21149, -1.20694;
0.609736, -0.472647, -0.804207, 1.18401, 0.182046, 0.784309, -0.466587, 0.322128, -0.276068, 1.03038, -1.2116, 1.2115, -1.20694;
0.61759, -0.472727, -0.814311, 1.17962, 0.184312, 0.786841, -0.471452, 0.322137, -0.279338, 1.03038, -1.21162, 1.2115, -1.20695;
0.625444, -0.472829, -0.82435, 1.17521, 0.186499, 0.789377, -0.476214, 0.322146, -0.282576, 1.03038, -1.21164, 1.2115, -1.20696;
0.633298, -0.472954, -0.834323, 1.17079, 0.188604, 0.791916, -0.480875, 0.322155, -0.285785, 1.03039, -1.21166, 1.2115, -1.20697;
0.641152, -0.473102, -0.84423, 1.16635, 0.190628, 0.794458, -0.485434, 0.322165, -0.288963, 1.03039, -1.21168, 1.2115, -1.20697;
0.649006, -0.473274, -0.854072, 1.1619, 0.19257, 0.797001, -0.489894, 0.322174, -0.292113, 1.03039, -1.2117, 1.21151, -1.20698;
0.65686, -0.473472, -0.863846, 1.15743, 0.194431, 0.799546, -0.494255, 0.322183, -0.295233, 1.0304, -1.21172, 1.21151, -1.20699;
0.664714, -0.473695, -0.873555, 1.15294, 0.19621, 0.802092, -0.49852, 0.322193, -0.298325, 1.0304, -1.21174, 1.21151, -1.20699;
0.672568, -0.473945, -0.883196, 1.14844, 0.197906, 0.804639, -0.502688, 0.322202, -0.301389, 1.0304, -1.21175, 1.21152, -1.207;
0.680422, -0.474222, -0.89277, 1.14393, 0.199521, 0.807186, -0.506762, 0.322212, -0.304427, 1.03041, -1.21177, 1.21152, -1.207;
0.688276, -0.474527, -0.902277, 1.1394, 0.201053, 0.809733, -0.510742, 0.322222, -0.307437, 1.03041, -1.21179, 1.21152, -1.20701;
0.69613, -0.47486, -0.911717, 1.13485, 0.202502, 0.812281, -0.514631, 0.322231, -0.310422, 1.03042, -1.21181, 1.21153, -1.20701;
0.703984, -0.475222, -0.921089, 1.1303, 0.20387, 0.814828, -0.51843, 0.322241, -0.313381, 1.03042, -1.21183, 1.21153, -1.20702;
0.711838, -0.475615, -0.930393, 1.12572, 0.205155, 0.817375, -0.522139, 0.322251, -0.316315, 1.03042, -1.21185, 1.21154, -1.20702;
0.719692, -0.476037, -0.939629, 1.12114, 0.206359, 0.819922, -0.525762, 0.322261, -0.319225, 1.03042, -1.21187, 1.21154, -1.20702;
0.727546, -0.47649, -0.948797, 1.11654, 0.20748, 0.822469, -0.529298, 0.322271, -0.322112, 1.03043, -1.21188, 1.21155, -1.20703;
0.7354, -0.476975, -0.957898, 1.11192, 0.20852, 0.825016, -0.53275, 0.322281, -0.324976, 1.03043, -1.2119, 1.21156, -1.20703;
0.743254, -0.477491, -0.966931, 1.10729, 0.209478, 0.827562, -0.53612, 0.322292, -0.327818, 1.03043, -1.21192, 1.21156, -1.20703;
0.751108, -0.478039, -0.975896, 1.10264, 0.210356, 0.830108, -0.539408, 0.322302, -0.330638, 1.03044, -1.21194, 1.21157, -1.20704;
0.758962, -0.47862, -0.984793, 1.09798, 0.211152, 0.832655, -0.542616, 0.322313, -0.333438, 1.03044, -1.21196, 1.21158, -1.20704;
0.766816, -0.479234, -0.993622, 1.0933, 0.211868, 0.835202, -0.545746, 0.322323, -0.336217, 1.03044, -1.21197, 1.21158, -1.20704;
0.77467, -0.479881, -1.00238, 1.0886, 0.212504, 0.83775, -0.5488, 0.322334, -0.338977, 1.03045, -1.21199, 1.21159, -1.20704;

medium marker
950
0, -0.65, 0, 1.8, 0, 0.42, 0, 0.319048, 3.36778e-18, 0.878589, -1.20861, 1.20861, -1.20958;
0, -0.65, 0, 1.8, 0, 0.42, 0, 0.319048, 3.36778e-18, 0.878589, -1.20861, 1.20861, -1.20958;
0.0226544, -0.65, -0.0301305, 1.8, 0.00330222, 0.42, -0.0212487, 0.319157, -0.0105, 0.878429, -1.20876, 1.20875, -1.20949;
0.0453139, -0.649976, -0.0602631, 1.79886, 0.00660108, 0.420728, -0.0424892, 0.319266, -0.0210081, 0.878516, -1.2089, 1.20889, -1.2094;
0.0679349, -0.650155, -0.0903366, 1.79722, 0.00989249, 0.42178, -0.0636775, 0.319375, -0.0315124, 0.878604, -1.20905, 1.20903, -1.20932;
0.0905128, -0.650537, -0.120338, 1.79508, 0.0131631, 0.423154, -0.0847965, 0.319483, -0.042017, 0.878691, -1.2092, 1.20916, -1.20923;
0.113034, -0.651117, -0.150242, 1.79244, 0.0163985, 0.424848, -0.105821, 0.31959, -0.052522, 0.878777, -1.20935, 1.2093, -1.20915;
0.135487, -0.651893, -0.180024, 1.7893, 0.0195846, 0.426861, -0.126725, 0.319698, -0.0630272, 0.878863, -1.20949, 1.20943, -1.20906;
0.157859, -0.65286, -0.209661, 1.78566, 0.0227077, 0.42919, -0.147486, 0.319804, -0.0735327, 0.878949, -1.20964, 1.20956, -1.20898;
0.18014, -0.654014, -0.239132, 1.78152, 0.0257548, 0.431835, -0.168079, 0.319911, -0.0840384, 0.879035, -1.20979, 1.2097, -1.2089;
0.202319, -0.65535, -0.268414, 1.77689, 0.0287136, 0.434791, -0.188483, 0.320016, -0.0945442, 0.87912, -1.20994, 1.20983, -1.20881;
0.224388, -0.656863, -0.297488, 1.77176, 0.0315723, 0.438056, -0.208676, 0.320121, -0.10505, 0.879205, -1.21009, 1.20995, -1.20873;
0.24634, -0.658547, -0.326336, 1.76614, 0.03432, 0.441628, -0.228638, 0.320225, -0.115556, 0.879289, -1.21024, 1.21008, -1.20865;
0.268169, -0.660397, -0.35494, 1.76003, 0.0369465, 0.445502, -0.248352, 0.320329, -0.126062, 0.879374, -1.21039, 1.21021, -1.20857;
0.289869, -0.662407, -0.383285, 1.75342, 0.0394424, 0.449675, -0.267799, 0.320432, -0.136567, 0.879457, -1.21054, 1.21033, -1.20849;
0.311436, -0.66457, -0.411357, 1.74633, 0.0417992, 0.454144, -0.286964, 0.320534, -0.147073, 0.879541, -1.21068, 1.21046, -1.20841;
0.332869, -0.666881, -0.439143, 1.73876, 0.0440093, 0.458905, -0.305831, 0.320635, -0.157578, 0.879624, -1.21083, 1.21058, -1.20834;
0.354167, -0.669334, -0.466631, 1.73069, 0.0460655, 0.463954, -0.324389, 0.320735, -0.168082, 0.879707, -1.21098, 1.21071, -1.20826;
0.375328, -0.671923, -0.493811, 1.72214, 0.0479618, 0.469289, -0.342625, 0.320835, -0.178587, 0.87979, -1.21113, 1.21083, -1.20819;
0.396355, -0.674643, -0.520675, 1.71312, 0.0496927, 0.474903, -0.360528, 0.320933, -0.18909, 0.879872, -1.21128, 1.21095, -1.20811;
0.41725, -0.677487, -0.547215, 1.7036, 0.0512533, 0.480795, -0.37809, 0.321031, -0.199594, 0.879954, -1.21143, 1.21108, -1.20804;
0.438016, -0.680451, -0.573425, 1.69361, 0.0526396, 0.486961, -0.395303, 0.321128, -0.210096, 0.880036, -1.21158, 1.2112, -1.20797;
0.458657, -0.68353, -0.599301, 1.68314, 0.053848, 0.493396, -0.41216, 0.321224, -0.220598, 0.880118, -1.21173, 1.21132, -1.2079;
0.479179, -0.686719, -0.624836, 1.67219, 0.0548754, 0.500098, -0.428655, 0.321319, -0.2311, 0.8802, -1.21188, 1.21145, -1.20783;
0.499588, -0.690013, -0.65003, 1.66077, 0.0557194, 0.507064, -0.444785, 0.321414, -0.2416, 0.880282, -1.21203, 1.21157, -1.20777;
0.51989, -0.69341, -0.674878, 1.64886, 0.0563778, 0.51429, -0.460546, 0.321507, -0.2521, 0.880364, -1.21218, 1.2117, -1.2077;
0.540094, -0.696905, -0.69938, 1.63648, 0.0568489, 0.521773, -0.475936, 0.3216, -0.262599, 0.880446, -1.21233, 1.21182, -1.20764;
0.560206, -0.700495, -0.723534, 1.62361, 0.0571314, 0.529511, -0.490953, 0.321691, -0.273098, 0.880529, -1.21248, 1.21195, -1.20758;
0.580237, -0.704177, -0.747341, 1.61027, 0.0572241, 0.537502, -0.505597, 0.321782, -0.283595, 0.880611, -1.21263, 1.21208, -1.20752;
0.600194, -0.707949, -0.770799, 1.59644, 0.0571262, 0.545745, -0.519869, 0.321873, -0.294092, 0.880694, -1.21278, 1.2122, -1.20746;
0.620088, -0.71181, -0.79391, 1.58213, 0.0568371, 0.554236, -0.53377, 0.321962, -0.304588, 0.880777, -1.21293, 1.21233, -1.2074;
0.639928, -0.715756, -0.816675, 1.56734, 0.0563565, 0.562976, -0.547302, 0.322051, -0.315083, 0.88086, -1.21308, 1.21247, -1.20734;
0.659724, -0.719787, -0.839093, 1.55205, 0.0556841, 0.571963, -0.560467, 0.322139, -0.325577, 0.880944, -1.21323, 1.2126, -1.20729;
0.679487, -0.723902, -0.861168, 1.53627, 0.0548199, 0.581198, -0.573269, 0.322227, -0.33607, 0.881028, -1.21338, 1.21273, -1.20723;
0.69263, -0.726587, -0.875603, 1.52526, 0.0541348, 0.587615, -0.581478, 0.322265, -0.343038, 0.881201, -1.21344, 1.21279, -1.20721;
0.692581, -0.726431, -0.875505, 1.52507, 0.054162, 0.587726, -0.581345, 0.322265, -0.342987, 0.881306, -1.21344, 1.21279, -1.20721;
0.692582, -0.726432, -0.875506, 1.52507, 0.0541618, 0.587726, -0.581346, 0.322265, -0.342988, 0.881306, -1.21344, 1.21279, -1.20721;
0.692582, -0.726432, -0.875506, 1.52507, 0.0541618, 0.587726, -0.581346, 0.322265, -0.342988, 0.881306, -1.21344, 1.21279, -1.20721;
0.692582, -0.726432, -0.875506, 1.52507, 0.0541618, 0.587726, -0.581346, 0.322265, -0.342988, 0.881306, -1.21344, 1.21279, -1.20721;
0.692582, -0.726432, -0.875506, 1.52507, 0.0541618, 0.587726, -0.581346, 0.322265, -0.342988, 0.881306, -1.21344, 1.21279, -1.20721;
0.692582, -0.726432, -0.875506, 1.52507, 0.0541618, 0.587726, -0.581346, 0.322265, -0.342988, 0.881306, -1.21344, 1.21279, -1.20721;
0.692582, -0.726432, -0.875506, 1.52507, 0.0541618, 0.587726, -0.581346, 0.322265, -0.342988, 0.881306, -1.21344, 1.21279, -1.20721;
0.692582, -0.726432, -0.875506, 1.52507, 0.0541618, 0.587726, -0.581346, 0.322265, -0.342988, 0.881306, -1.21344, 1.21279, -1.20721;
0.692582, -0.726432, -0.875506, 1.52507, 0.0541618, 0.587726, -0.581346, 0.322265, -0.342988, 0.881306, -1.21344, 1.21279, -1.20721;
0.692582, -0.726432, -0.875506, 1.52507, 0.0541618, 0.587726, -0.581346, 0.322265, -0.342988, 0.881306, -1.21344, 1.21279, -1.20721;
0.692582, -0.726432, -0.875506, 1.52507, 0.0541618, 0.587726, -0.581346, 0.322265, -0.342988, 0.881306, -1.21344, 1.21279, -1.20721;
0.692582, -0.726432, -0.875506, 1.52507, 0.0541618, 0.587726, -0.581346, 0.322265, -0.342988, 0.881306, -1.21344, 1.21279, -1.20721;
0.692582, -0.726432, -0.875506, 1.52507, 0.0541618, 0.587726, -0.581346, 0.322265, -0.342988, 0.881306, -1.21344, 1.21279, -1.20721;
0.692582, -0.726432, -0.875506, 1.52507, 0.0541618, 0.587726, -0.581346, 0.322265, -0.342988, 0.881306, -1.21344, 1.21279, -1.20721;
0.692582, -0.726432, -0.875506, 1.52507, 0.0541618, 0.587726, -0.581346, 0.322265, -0.342988, 0.881306, -1.21344, 1.21279, -1.20721;
0.692582, -0.726432, -0.875506, 1.52507, 0.0541618, 0.587726, -0.581346, 0.322265, -0.342988, 0.881306, -1.21344, 1.21279, -1.20721;
0.692582, -0.726432, -0.875506, 1.52507, 0.0541618, 0.587726, -0.581346, 0.322265, -0.342988, 0.881306, -1.21344, 1.21279, -1.20721;
0.692582, -0.726432, -0.875506, 1.52507, 0.0541618, 0.587726, -0.581346, 0.322265, -0.342988, 0.881306, -1.21344, 1.21279, -1.20721;
0.692582, -0.726432, -0.875506, 1.52507, 0.0541618, 0.587726, -0.581346, 0.322265, -0.342988, 0.881306, -1.21344, 1.21279, -1.20721;
0.692582, -0.726432, -0.875506, 1.52507, 0.0541618, 0.587726, -0.581346, 0.322265, -0.342988, 0.881306, -1.21344, 1.21279, -1.20721;
0.692582, -0.726432, -0.875506, 1.52507, 0.0541618, 0.587726, -0.581346, 0.322265, -0.342988, 0.881306, -1.21344, 1.21279, -1.20721;
0.692582, -0.726432, -0.875506, 1.52507, 0.0541618, 0.587726, -0.581346, 0.322265, -0.342988, 0.881306, -1.21344, 1.21279, -1.20721;
0.692582, -0.726432, -0.875506, 1.52507, 0.0541618, 0.587726, -0.581346, 0.322265, -0.342988, 0.881306, -1.21344, 1.21279, -1.20721;
0.692582, -0.726432, -0.875506, 1.52507, 0.0541618, 0.587726, -0.581346, 0.322265, -0.342988, 0.881306, -1.21344, 1.21279, -1.20721;
0.692582, -0.726432, -0.875506, 1.52507, 0.0541618, 0.587726, -0.581346, 0.322265, -0.342988, 0.881306, -1.21344, 1.21279, -1.20721;
0.692582, -0.726432, -0.875506, 1.52507, 0.0541618, 0.587726, -0.581346, 0.322265, -0.342988, 0.881306, -1.21344, 1.21279, -1.20721;
0.692582, -0.726432, -0.875506, 1.52507, 0.0541618, 0.587726, -0.581346, 0.322265, -0.342988, 0.881306, -1.21344, 1.21279, -1.20721;
0.692582, -0.726432, -0.875506, 1.52507, 0.0541618, 0.587726, -0.581346, 0.322265, -0.342988, 0.881306, -1.21344, 1.21279, -1.20721;
0.692582, -0.726432, -0.875506, 1.52507, 0.0541618, 0.587726, -0.581346, 0.322265, -0.342988, 0.881306, -1.21344, 1.21279, -1.20721;
0.692582, -0.726432, -0.875506, 1.52507, 0.0541618, 0.587726, -0.581346, 0.322265, -0.342988, 0.881306, -1.21344, 1.21279, -1.20721;
0.692582, -0.726432, -0.875506, 1.52507, 0.0541618, 0.587726, -0.581346, 0.322265, -0.342988, 0.881306, -1.21344, 1.21279, -1.20721;
0.692582, -0.726432, -0.875506, 1.52507, 0.0541618, 0.587726, -0.581346, 0.322265, -0.342988, 0.881306, -1.21344, 1.21279, -1.20721;
0.692582, -0.726432, -0.875506, 1.52507, 0.0541618, 0.587726, -0.581346, 0.322265, -0.342988, 0.881306, -1.21344, 1.21279, -1.20721;
0.674728, -0.716093, -0.854065, 1.52977, 0.0563093, 0.585031, -0.565722, 0.322437, -0.33241, 0.885639, -1.21359, 1.21295, -1.20701;
0.656983, -0.705626, -0.832397, 1.53305, 0.0581832, 0.58316, -0.549749, 0.322611, -0.321937, 0.890243, -1.21374, 1.2131, -1.20681;
0.639049, -0.695345, -0.810295, 1.53575, 0.0597139, 0.581618, -0.533491, 0.322785, -0.31147, 0.894842, -1.21389, 1.21324, -1.20661;
0.620927, -0.685252, -0.787758, 1.53787, 0.0608816, 0.580406, -0.516932, 0.322959, -0.301004, 0.89944, -1.21403, 1.21339, -1.20641;
0.602631, -0.675352, -0.764802, 1.53941, 0.0616657, 0.579523, -0.500067, 0.323133, -0.290539, 0.904037, -1.21417, 1.21353, -1.2062;
0.584175, -0.665652, -0.741443, 1.54038, 0.0620466, 0.578969, -0.482891, 0.323306, -0.280074, 0.908633, -1.21431, 1.21367, -1.206;
0.565577, -0.656157, -0.717699, 1.54077, 0.0620065, 0.578741, -0.465401, 0.323477, -0.26961, 0.913227, -1.21444, 1.21381, -1.20579;
0.546856, -0.646869, -0.693589, 1.54058, 0.0615288, 0.578839, -0.447597, 0.323646, -0.259145, 0.91782, -1.21457, 1.21395, -1.20559;
0.528031, -0.63779, -0.669135, 1.53982, 0.0605991, 0.579262, -0.429479, 0.323814, -0.248681, 0.922412, -1.21469, 1.21409, -1.20539;
0.509125, -0.628918, -0.64436, 1.53849, 0.0592048, 0.580009, -0.411049, 0.323979, -0.238216, 0.927002, -1.21481, 1.21423, -1.20519;
0.49016, -0.620251, -0.619288, 1.53658, 0.0573356, 0.58108, -0.392311, 0.324142, -0.227752, 0.93159, -1.21492, 1.21436, -1.20498;
0.471159, -0.611785, -0.593943, 1.53411, 0.0549832, 0.582474, -0.373273, 0.324301, -0.217286, 0.936175, -1.21502, 1.2145, -1.20478;
0.452146, -0.603512, -0.56835, 1.53106, 0.0521419, 0.584192, -0.353942, 0.324457, -0.206821, 0.940758, -1.21512, 1.21463, -1.20459;
0.433144, -0.595426, -0.542535, 1.52745, 0.0488078, 0.586233, -0.334329, 0.32461, -0.196355, 0.945339, -1.21521, 1.21476, -1.20439;
0.414177, -0.587517, -0.516522, 1.52327, 0.0449793, 0.588597, -0.314445, 0.324758, -0.185888, 0.949918, -1.2153, 1.21489, -1.2042;
0.395267, -0.579772, -0.490336, 1.51853, 0.0406567, 0.591286, -0.294305, 0.324903, -0.175421, 0.954493, -1.21537, 1.21501, -1.20401;
0.376436, -0.572178, -0.464001, 1.51321, 0.0358422, 0.5943, -0.273924, 0.325043, -0.164953, 0.959065, -1.21543, 1.21514, -1.20382;
0.357704, -0.564722, -0.437538, 1.50733, 0.0305392, 0.597641, -0.253318, 0.32518, -0.154484, 0.963635, -1.21549, 1.21526, -1.20363;
0.339091, -0.557387, -0.410968, 1.50088, 0.0247527, 0.60131, -0.232505, 0.325311, -0.144014, 0.968201, -1.21553, 1.21539, -1.20344;
0.320613, -0.550157, -0.38431, 1.49387, 0.0184883, 0.605309, -0.211504, 0.325438, -0.133544, 0.972764, -1.21557, 1.21551, -1.20326;
0.302287, -0.543013, -0.35758, 1.48628, 0.0117525, 0.60964, -0.190334, 0.32556, -0.123073, 0.977323, -1.21559, 1.21563, -1.20308;
0.284126, -0.535938, -0.330792, 1.47813, 0.00455198, 0.614306, -0.169015, 0.325677, -0.112601, 0.98188, -1.2156, 1.21575, -1.20289;
0.266143, -0.528911, -0.303957, 1.46941, -0.00310669, 0.61931, -0.147568, 0.325789, -0.102128, 0.986432, -1.2156, 1.21587, -1.20271;
0.248348, -0.521913, -0.277083, 1.46011, -0.0112172, 0.624655, -0.126011, 0.325897, -0.0916542, 0.990981, -1.21559, 1.21599, -1.20254;
0.230748, -0.514923, -0.250177, 1.45024, -0.019774, 0.630344, -0.104365, 0.325999, -0.08118, 0.995527, -1.21557, 1.2161, -1.20236;
0.21335, -0.50792, -0.22324, 1.4398, -0.0287726, 0.636381, -0.0826501, 0.326096, -0.0707052, 1.00007, -1.21553, 1.21622, -1.20218;
0.196158, -0.500882, -0.196271, 1.42877, -0.0382098, 0.642771, -0.060884, 0.326188, -0.0602299, 1.00461, -1.21547, 1.21634, -1.202;
0.179175, -0.493788, -0.169265, 1.41716, -0.0480842, 0.649518, -0.0390852, 0.326274, -0.0497541, 1.00914, -1.21541, 1.21646, -1.20182;
0.162399, -0.486614, -0.142213, 1.40496, -0.0583964, 0.656628, -0.0172709, 0.326356, -0.039278, 1.01367, -1.21532, 1.21657, -1.20164;
0.145829, -0.479338, -0.115102, 1.39217, -0.0691495, 0.664106, 0.00454277, 0.326432, -0.0288016, 1.0182, -1.21522, 1.21669, -1.20145;
0.129462, -0.471938, -0.0879159, 1.37877, -0.0803494, 0.67196, 0.0263408, 0.326503, -0.018325, 1.02272, -1.21511, 1.21681, -1.20126;
0.113292, -0.464388, -0.060632, 1.36478, -0.0920051, 0.680196, 0.0481094, 0.326568, -0.00784846, 1.02724, -1.21498, 1.21693, -1.20107;
0.0973115, -0.456665, -0.0332237, 1.35017, -0.104129, 0.688822, 0.0698362, 0.326628, 0.00262802, 1.03176, -1.21482, 1.21706, -1.20088;
0.0921788, -0.45398, -0.0242545, 1.34497, -0.108226, 0.691895, 0.0768783, 0.326641, 0.0060516, 1.03332, -1.21481, 1.21707, -1.20086;
0.0922487, -0.454001, -0.0243752, 1.345, -0.10817, 0.691873, 0.076782, 0.326641, 0.00600587, 1.03331, -1.21481, 1.21707, -1.20086;
0.0922477, -0.454, -0.0243734, 1.345, -0.10817, 0.691874, 0.0767834, 0.326641, 0.00600654, 1.03331, -1.21481, 1.21707, -1.20086;
0.0922477, -0.454, -0.0243735, 1.345, -0.10817, 0.691874, 0.0767834, 0.326641, 0.00600653, 1.03331, -1.21481, 1.21707, -1.20086;
0.0922477, -0.454, -0.0243735, 1.345, -0.10817, 0.691874, 0.0767834, 0.326641, 0.00600653, 1.03331, -1.21481, 1.21707, -1.20086;
0.0922477, -0.454, -0.0243735, 1.345, -0.10817, 0.691874, 0.0767834, 0.326641, 0.00600653, 1.03331, -1.21481, 1.21707, -1.20086;
0.0922477, -0.454, -0.0243735, 1.345, -0.10817, 0.691874, 0.0767834, 0.326641, 0.00600653, 1.03331, -1.21481, 1.21707, -1.20086;
0.0922477, -0.454, -0.0243735, 1.345, -0.10817, 0.691874, 0.0767834, 0.326641, 0.00600653, 1.03331, -1.21481, 1.21707, -1.20086;
0.0922477, -0.454, -0.0243735, 1.345, -0.10817, 0.691874, 0.0767834, 0.326641, 0.00600653, 1.03331, -1.21481, 1.21707, -1.20086;
0.0922477, -0.454, -0.0243735, 1.345, -0.10817, 0.691874, 0.0767834, 0.326641, 0.00600653, 1.03331, -1.21481, 1.21707, -1.20086;
0.0922477, -0.454, -0.0243735, 1.345, -0.10817, 0.691874, 0.0767834, 0.326641, 0.00600653, 1.03331, -1.21481, 1.21707, -1.20086;
0.0922477, -0.454, -0.0243735, 1.345, -0.10817, 0.691874, 0.0767834, 0.326641, 0.00600653, 1.03331, -1.21481, 1.21707, -1.20086;
0.0922477, -0.454, -0.0243735, 1.345, -0.10817, 0.691874, 0.0767834, 0.326641, 0.00600653, 1.03331, -1.21481, 1.21707, -1.20086;
0.0922477, -0.454, -0.0243735, 1.345, -0.10817, 0.691874, 0.0767834, 0.326641, 0.00600653, 1.03331, -1.21481, 1.21707, -1.20086;
0.0922477, -0.454, -0.0243735, 1.345, -0.10817, 0.691874, 0.0767834, 0.326641, 0.00600653, 1.03331, -1.21481, 1.21707, -1.20086;
0.0922477, -0.454, -0.0243735, 1.345, -0.10817, 0.691874, 0.0767834, 0.326641, 0.00600653, 1.03331, -1.21481, 1.21707, -1.20086;
0.0922477, -0.454, -0.0243735, 1.345, -0.10817, 0.691874, 0.0767834, 0.326641, 0.00600653, 1.03331, -1.21481, 1.21707, -1.20086;
0.0922477, -0.454, -0.0243735, 1.345, -0.10817, 0.691874, 0.0767834, 0.326641, 0.00600653, 1.03331, -1.21481, 1.21707, -1.20086;
0.0922477, -0.454, -0.0243735, 1.345, -0.10817, 0.691874, 0.0767834, 0.326641, 0.00600653, 1.03331, -1.21481, 1.21707, -1.20086;
0.0922477, -0.454, -0.0243735, 1.345, -0.10817, 0.691874, 0.0767834, 0.326641, 0.00600653, 1.03331, -1.21481, 1.21707, -1.20086;
0.0922477, -0.454, -0.0243735, 1.345, -0.10817, 0.691874, 0.0767834, 0.326641, 0.00600653, 1.03331, -1.21481, 1.21707, -1.20086;
0.0922477, -0.454, -0.0243735, 1.345, -0.10817, 0.691874, 0.0767834, 0.326641, 0.00600653, 1.03331, -1.21481, 1.21707, -1.20086;
0.0922477, -0.454, -0.0243735, 1.345, -0.10817, 0.691874, 0.0767834, 0.326641, 0.00600653, 1.03331, -1.21481, 1.21707, -1.20086;
0.0922477, -0.454, -0.0243735, 1.345, -0.10817, 0.691874, 0.0767834, 0.326641, 0.00600653, 1.03331, -1.21481, 1.21707, -1.20086;
0.0922477, -0.454, -0.0243735, 1.345, -0.10817, 0.691874, 0.0767834, 0.326641, 0.00600653, 1.03331, -1.21481, 1.21707, -1.20086;
0.0922477, -0.454, -0.0243735, 1.345, -0.10817, 0.691874, 0.0767834, 0.326641, 0.00600653, 1.03331, -1.21481, 1.21707, -1.20086;
0.0922477, -0.454, -0.0243735, 1.345, -0.10817, 0.691874, 0.0767834, 0.326641, 0.00600653, 1.03331, -1.21481, 1.21707, -1.20086;
0.0922477, -0.454, -0.0243735, 1.345, -0.10817, 0.691874, 0.0767834, 0.326641, 0.00600653, 1.03331, -1.21481, 1.21707, -1.20086;
0.0922477, -0.454, -0.0243735, 1.345, -0.10817, 0.691874, 0.0767834, 0.326641, 0.00600653, 1.03331, -1.21481, 1.21707, -1.20086;
0.0922477, -0.454, -0.0243735, 1.345, -0.10817, 0.691874, 0.0767834, 0.326641, 0.00600653, 1.03331, -1.21481, 1.21707, -1.20086;
0.0922477, -0.454, -0.0243735, 1.345, -0.10817, 0.691874, 0.0767834, 0.326641, 0.00600653, 1.03331, -1.21481, 1.21707, -1.20086;
0.0922477, -0.454, -0.0243735, 1.345, -0.10817, 0.691874, 0.0767834, 0.326641, 0.00600653, 1.03331, -1.21481, 1.21707, -1.20086;
0.0922477, -0.454, -0.0243735, 1.345, -0.10817, 0.691874, 0.0767834, 0.326641, 0.00600653, 1.03331, -1.21481, 1.21707, -1.20086;
0.097814, -0.454439, -0.0338189, 1.34509, -0.103672, 0.691634, 0.0691318, 0.326649, 0.00245429, 1.0333, -1.2148, 1.21707, -1.20085;
0.114454, -0.455688, -0.0620085, 1.34516, -0.0902783, 0.691057, 0.0462966, 0.326695, -0.0081557, 1.03322, -1.2148, 1.21708, -1.20083;
0.131013, -0.456669, -0.0899083, 1.34446, -0.0771095, 0.690987, 0.0237138, 0.326742, -0.0186551, 1.03323, -1.2148, 1.21709, -1.20082;
0.147659, -0.457517, -0.117823, 1.34326, -0.0640261, 0.691265, 0.00117303, 0.326789, -0.0291564, 1.03322, -1.21481, 1.21709, -1.20082;
0.164401, -0.458231, -0.145762, 1.34156, -0.0510282, 0.691895, -0.0213074, 0.326837, -0.0396571, 1.03322, -1.21483, 1.2171, -1.20082;
0.18125, -0.458815, -0.173741, 1.33934, -0.038114, 0.692875, -0.0437139, 0.326885, -0.0501573, 1.03323, -1.21486, 1.21709, -1.20082;
0.198218, -0.459271, -0.201776, 1.33662, -0.0252819, 0.694203, -0.0660328, 0.326934, -0.0606569, 1.03323, -1.21489, 1.21709, -1.20083;
0.21532, -0.459603, -0.229882, 1.33339, -0.0125311, 0.695879, -0.0882502, 0.326984, -0.071156, 1.03323, -1.21492, 1.21708, -1.20085;
0.23257, -0.459813, -0.258078, 1.32966, 0.000138655, 0.697901, -0.110352, 0.327034, -0.0816544, 1.03323, -1.21497, 1.21707, -1.20087;
0.249984, -0.459905, -0.28638, 1.32541, 0.0127271, 0.700268, -0.132324, 0.327084, -0.0921521, 1.03323, -1.21502, 1.21706, -1.2009;
0.267579, -0.45988, -0.314807, 1.32065, 0.0252329, 0.702979, -0.154151, 0.327134, -0.102649, 1.03324, -1.21508, 1.21705, -1.20093;
0.285373, -0.459744, -0.343379, 1.31537, 0.0376543, 0.706033, -0.175819, 0.327185, -0.113146, 1.03324, -1.21514, 1.21703, -1.20097;
0.303389, -0.459499, -0.372115, 1.30958, 0.049988, 0.709429, -0.197313, 0.327236, -0.123641, 1.03325, -1.21521, 1.21701, -1.20102;
0.321648, -0.459149, -0.401037, 1.30327, 0.0622298, 0.713166, -0.218617, 0.327287, -0.134136, 1.03325, -1.21529, 1.21699, -1.20107;
0.340176, -0.4587, -0.430169, 1.29644, 0.0743741, 0.717244, -0.239714, 0.327339, -0.14463, 1.03326, -1.21537, 1.21696, -1.20113;
0.359001, -0.458156, -0.459534, 1.28909, 0.0864133, 0.721662, -0.260588, 0.327391, -0.155123, 1.03326, -1.21546, 1.21694, -1.20119;
0.378154, -0.457525, -0.48916, 1.2812, 0.098338, 0.726418, -0.281219, 0.327443, -0.165615, 1.03327, -1.21556, 1.21691, -1.20127;
0.397669, -0.456815, -0.519072, 1.27278, 0.110136, 0.731512, -0.301591, 0.327496, -0.176106, 1.03328, -1.21566, 1.21687, -1.20134;
0.417584, -0.456035, -0.549299, 1.26382, 0.121792, 0.736943, -0.32168, 0.32755, -0.186597, 1.03328, -1.21578, 1.21684, -1.20142;
0.43794, -0.455198, -0.57987, 1.25432, 0.133287, 0.74271, -0.341466, 0.327604, -0.197086, 1.03329, -1.2159, 1.21681, -1.20151;
0.458782, -0.454319, -0.610815, 1.24427, 0.144599, 0.748812, -0.360924, 0.32766, -0.207574, 1.03331, -1.21603, 1.21677, -1.20161;
0.48016, -0.453415, -0.642163, 1.23365, 0.155698, 0.755246, -0.380028, 0.327718, -0.218061, 1.03332, -1.21617, 1.21674, -1.2017;
0.502128, -0.452506, -0.673945, 1.22247, 0.16655, 0.762011, -0.398747, 0.327778, -0.228548, 1.03333, -1.21632, 1.2167, -1.20181;
0.524741, -0.45162, -0.706186, 1.2107, 0.177112, 0.769104, -0.41705, 0.32784, -0.239033, 1.03335, -1.21649, 1.21667, -1.20192;
0.548063, -0.450785, -0.738912, 1.19835, 0.187335, 0.776522, -0.434899, 0.327906, -0.249518, 1.03337, -1.21666, 1.21664, -1.20203;
0.572157, -0.450039, -0.772141, 1.18539, 0.197157, 0.784261, -0.452255, 0.327976, -0.260001, 1.03339, -1.21684, 1.21661, -1.20214;
0.597088, -0.449424, -0.805885, 1.17181, 0.206506, 0.792317, -0.469073, 0.328052, -0.270485, 1.03342, -1.21704, 1.21659, -1.20225;
0.622924, -0.44899, -0.840146, 1.15759, 0.2153, 0.800683, -0.485304, 0.328134, -0.280967, 1.03345, -1.21725, 1.21658, -1.20236;
0.649726, -0.448794, -0.874912, 1.14272, 0.223442, 0.809354, -0.500894, 0.328224, -0.29145, 1.03348, -1.21747, 1.21658, -1.20247;
0.677552, -0.448901, -0.910152, 1.12716, 0.230823, 0.818323, -0.515787, 0.328324, -0.301933, 1.03352, -1.21771, 1.21659, -1.20257;
0.706448, -0.449383, -0.945816, 1.1109, 0.237324, 0.827583, -0.529923, 0.328435, -0.312416, 1.03357, -1.21796, 1.21662, -1.20266;
0.736446, -0.450317, -0.981827, 1.09391, 0.242818, 0.837129, -0.543244, 0.328559, -0.322901, 1.03362, -1.21822, 1.21667, -1.20274;
0.767556, -0.451782, -1.01808, 1.07615, 0.247173, 0.846956, -0.555692, 0.3287, -0.333386, 1.03369, -1.2185, 1.21674, -1.2028;
0.798972, -0.453809, -1.05355, 1.05804, 0.250186, 0.856813, -0.566936, 0.32885, -0.343617, 1.03376, -1.21878, 1.21684, -1.20284;

fast marker

150
0, -0.65, 0, 1.8, 0, 0.42, 0, 0.319048, 3.36778e-18, 0.878589, -1.20861, 1.20861, -1.20958;
0, -0.65, 0, 1.8, 0, 0.42, 0, 0.319048, 3.36778e-18, 0.878589, -1.20861, 1.20861, -1.20958;
0.0706858, -0.65, -0.0940126, 1.8, 0.0103035, 0.42, -0.0662998, 0.320109, -0.0327132, 0.877035, -1.21004, 1.20995, -1.2087;
0.141372, -0.650039, -0.187894, 1.7897, 0.0204768, 0.426597, -0.132227, 0.321159, -0.065589, 0.877581, -1.21156, 1.21123, -1.20799;
0.212058, -0.651849, -0.281507, 1.77403, 0.0305326, 0.436611, -0.197606, 0.322204, -0.098855, 0.878249, -1.21312, 1.21248, -1.2073;
0.282743, -0.655395, -0.374586, 1.753, 0.0401026, 0.449975, -0.26197, 0.323248, -0.132661, 0.878945, -1.21472, 1.21372, -1.20662;
0.353429, -0.660537, -0.466793, 1.72632, 0.0488094, 0.466788, -0.324761, 0.324293, -0.167104, 0.879676, -1.21638, 1.21497, -1.20596;
0.424115, -0.667112, -0.557716, 1.69368, 0.0562898, 0.487133, -0.385345, 0.325336, -0.202216, 0.880457, -1.2181, 1.21622, -1.20534;
0.494801, -0.674956, -0.646866, 1.65484, 0.0622037, 0.511036, -0.443038, 0.326374, -0.237946, 0.881301, -1.21988, 1.2175, -1.20477;
0.565487, -0.683922, -0.733695, 1.60969, 0.0662419, 0.538426, -0.497153, 0.327399, -0.274153, 0.882218, -1.22172, 1.21883, -1.20426;
0.636173, -0.693909, -0.817628, 1.55826, 0.0681342, 0.569128, -0.547068, 0.328406, -0.310617, 0.883202, -1.22362, 1.22021, -1.2038;
0.653119, -0.693259, -0.835979, 1.53883, 0.0685206, 0.580545, -0.555684, 0.328473, -0.318875, 0.886271, -1.22372, 1.22026, -1.20385;
0.652838, -0.69311, -0.835632, 1.53889, 0.0685399, 0.580512, -0.555436, 0.328474, -0.318714, 0.886338, -1.22372, 1.22026, -1.20385;
0.652843, -0.693113, -0.835638, 1.53889, 0.0685396, 0.580513, -0.555441, 0.328474, -0.318717, 0.886337, -1.22372, 1.22026, -1.20385;
0.652843, -0.693113, -0.835638, 1.53889, 0.0685396, 0.580513, -0.555441, 0.328474, -0.318717, 0.886337, -1.22372, 1.22026, -1.20385;
0.652843, -0.693113, -0.835638, 1.53889, 0.0685396, 0.580513, -0.555441, 0.328474, -0.318717, 0.886337, -1.22372, 1.22026, -1.20385;
0.652843, -0.693113, -0.835638, 1.53889, 0.0685396, 0.580513, -0.555441, 0.328474, -0.318717, 0.886337, -1.22372, 1.22026, -1.20385;
0.652843, -0.693113, -0.835638, 1.53889, 0.0685396, 0.580513, -0.555441, 0.328474, -0.318717, 0.886337, -1.22372, 1.22026, -1.20385;
0.652843, -0.693113, -0.835638, 1.53889, 0.0685396, 0.580513, -0.555441, 0.328474, -0.318717, 0.886337, -1.22372, 1.22026, -1.20385;
0.652843, -0.693113, -0.835638, 1.53889, 0.0685396, 0.580513, -0.555441, 0.328474, -0.318717, 0.886337, -1.22372, 1.22026, -1.20385;
0.652843, -0.693113, -0.835638, 1.53889, 0.0685396, 0.580513, -0.555441, 0.328474, -0.318717, 0.886337, -1.22372, 1.22026, -1.20385;
0.596873, -0.662901, -0.766402, 1.54917, 0.072442, 0.574606, -0.505652, 0.330057, -0.286577, 0.898296, -1.22504, 1.22169, -1.202;
0.535578, -0.628537, -0.687264, 1.54692, 0.0731927, 0.575948, -0.446588, 0.332014, -0.25169, 0.913969, -1.22648, 1.22332, -1.19952;
0.473737, -0.596177, -0.604923, 1.53656, 0.0686925, 0.581886, -0.384167, 0.333885, -0.217125, 0.930151, -1.22769, 1.22487, -1.19704;
0.411497, -0.566382, -0.519554, 1.52017, 0.0582702, 0.591187, -0.318421, 0.335617, -0.182593, 0.946234, -1.22862, 1.22638, -1.19465;
0.349749, -0.538786, -0.431981, 1.49784, 0.0417241, 0.603802, -0.249578, 0.33718, -0.148039, 0.962221, -1.2292, 1.22783, -1.19237;
0.289362, -0.512847, -0.343049, 1.46964, 0.0191309, 0.619734, -0.178169, 0.338549, -0.113461, 0.978091, -1.22936, 1.22923, -1.1902;
0.230991, -0.487857, -0.253359, 1.43562, -0.00926919, 0.63905, -0.10486, 0.339712, -0.0788609, 0.993826, -1.22905, 1.2306, -1.18812;
0.175022, -0.463002, -0.16316, 1.3957, -0.0432308, 0.661892, -0.0303497, 0.340665, -0.0442502, 1.00942, -1.2282, 1.23195, -1.18608;
0.12158, -0.437408, -0.0722613, 1.34976, -0.0826763, 0.688478, 0.0447311, 0.341404, -0.00964792, 1.02487, -1.22674, 1.23331, -1.184;
0.0705522, -0.410154, 0.02005, 1.29755, -0.127871, 0.719113, 0.119897, 0.341924, 0.024918, 1.04018, -1.22456, 1.23474, -1.18179;
0.067073, -0.40653, 0.0270176, 1.29003, -0.131583, 0.723455, 0.125159, 0.341976, 0.0275289, 1.0423, -1.22453, 1.23475, -1.18177;
0.0672187, -0.406678, 0.0267238, 1.29034, -0.131425, 0.723278, 0.124937, 0.341974, 0.0274189, 1.04222, -1.22453, 1.23475, -1.18177;
0.0672121, -0.406672, 0.026737, 1.29033, -0.131432, 0.723286, 0.124947, 0.341974, 0.0274239, 1.04222, -1.22453, 1.23475, -1.18177;
0.0672124, -0.406672, 0.0267364, 1.29033, -0.131431, 0.723286, 0.124947, 0.341974, 0.0274236, 1.04222, -1.22453, 1.23475, -1.18177;
0.0672124, -0.406672, 0.0267365, 1.29033, -0.131431, 0.723286, 0.124947, 0.341974, 0.0274236, 1.04222, -1.22453, 1.23475, -1.18177;
0.0672124, -0.406672, 0.0267365, 1.29033, -0.131431, 0.723286, 0.124947, 0.341974, 0.0274236, 1.04222, -1.22453, 1.23475, -1.18177;
0.0672124, -0.406672, 0.0267365, 1.29033, -0.131431, 0.723286, 0.124947, 0.341974, 0.0274236, 1.04222, -1.22453, 1.23475, -1.18177;
0.0672124, -0.406672, 0.0267365, 1.29033, -0.131431, 0.723286, 0.124947, 0.341974, 0.0274236, 1.04222, -1.22453, 1.23475, -1.18177;
0.0672124, -0.406672, 0.0267365, 1.29033, -0.131431, 0.723286, 0.124947, 0.341974, 0.0274236, 1.04222, -1.22453, 1.23475, -1.18177;
0.0672124, -0.406672, 0.0267365, 1.29033, -0.131431, 0.723286, 0.124947, 0.341974, 0.0274236, 1.04222, -1.22453, 1.23475, -1.18177;
0.114199, -0.411843, -0.0621206, 1.29433, -0.0812101, 0.718511, 0.0511896, 0.342177, -0.00567234, 1.0415, -1.22395, 1.23465, -1.18165;
0.165177, -0.414331, -0.156394, 1.29137, -0.029049, 0.718508, -0.0270817, 0.342447, -0.0406847, 1.0412, -1.22369, 1.23438, -1.18183;
0.217574, -0.41454, -0.251441, 1.28245, 0.0223855, 0.722863, -0.104804, 0.342734, -0.0755923, 1.041, -1.22374, 1.23396, -1.18228;
0.272004, -0.412674, -0.348366, 1.26779, 0.0735558, 0.731406, -0.181728, 0.34302, -0.110477, 1.04081, -1.22407, 1.23338, -1.18301;
0.329184, -0.408803, -0.448201, 1.24736, 0.124712, 0.744114, -0.257386, 0.343292, -0.145317, 1.04063, -1.22469, 1.23262, -1.18406;
0.390207, -0.403014, -0.552308, 1.22111, 0.176026, 0.76099, -0.331292, 0.343541, -0.180095, 1.04046, -1.22563, 1.23166, -1.18546;
0.456748, -0.395486, -0.662503, 1.18891, 0.227468, 0.78206, -0.402854, 0.343772, -0.214794, 1.04029, -1.22695, 1.2305, -1.18725;
0.527434, -0.387121, -0.774885, 1.15252, 0.275812, 0.806003, -0.467581, 0.343998, -0.24761, 1.04017, -1.22856, 1.22929, -1.18922;
0.59812, -0.37968, -0.881295, 1.11581, 0.316209, 0.829973, -0.520193, 0.344251, -0.276178, 1.04008, -1.23018, 1.22834, -1.19092;
0.668806, -0.374378, -0.980849, 1.08002, 0.347616, 0.85276, -0.561391, 0.344579, -0.300869, 1.04, -1.23172, 1.22774, -1.19221;
